1 0 0 1 0 0 0 1 1 1 1 0 0 4.18 0 0 1 . . . . . . . . .
2 0 0 4 -2 0 0 1 1 1 1 0 0 4.18 0 0 2 1 . . . . . . . .
3 0 1 0 2 1 1 0 0 1 1 0 0 4.18 0 0 0 1 2 . . . . . . .
4 1 1 1 2 0 0 1 1 1 1 0 0 4.18 0 0 1 0 1 2 . . . . . .
5 1 0 0 2 0 0 0 0 1 1 0 1 8.25 0 0 0 1 1 2 . . . . . .
6 0 0 1 0 0 0 1 1 2 1 0 1 3.69 0 0 1 0 1 1 . . . . . .
7 0 0 0 0 0 0 0 0 2 1 0 1 3.69 0 0 0 1 1 2 4 . . . . .
8 0 0 5 0 0 0 1 2 2 1 0 1 3.69 0 0 3 0 1 1 3 . . . . .
9 1 1 0 -2 1 1 0 0 2 1 0 1 3.69 0 0 0 1 1 2 3 . . . . .
10 1 0 0 0 0 0 0 0 2 1 0 1 3.60 0 0 0 0 1 1 3 . . . . .
11 1 1 1 0 0 0 1 1 2 1 0 1 3.60 0 0 1 0 0 1 2 5 . . . .
12 1 0 0 0 0 0 0 0 2 1 0 1 3.76 0 0 0 1 1 1 3 5 . . . .
13 0 0 2 0 0 0 1 1 3 1 0 1 3.88 0 0 2 0 1 1 2 4 . . . .
14 0 0 0 1 1 0 0 0 3 1 0 1 3.88 0 0 0 1 1 2 3 5 . . . .
15 0 0 2 1 0 0 1 1 3 1 0 1 3.88 0 0 2 0 1 1 2 4 . . . .
16 1 0 0 1 0 0 0 0 3 1 0 0 6.40 0 0 0 1 1 2 3 5 . . . .
17 1 0 0 1 0 0 0 0 3 1 0 0 3.90 0 0 0 0 1 1 3 4 . . . .
18 0 0 2 0 0 0 1 1 4 1 0 0 4.24 0 0 2 0 0 1 2 4 . . . .
19 0 1 2 0 0 0 1 1 4 1 0 0 4.24 0 0 2 1 1 1 3 4 . . . .
20 0 0 0 0 0 0 0 0 4 1 0 0 4.24 0 0 0 1 2 2 3 5 . . . .
21 1 0 0 -1 1 0 0 0 4 1 0 0 4.24 0 0 0 0 1 2 3 5 10  2.285  4.148  6.198
22 0 0 0 0 0 0 0 0 5 0 0 0 2.18 0 0 0 0 0 1 2 4 9  1.816  3.612  5.529
23 0 0 0 1 0 0 0 0 5 0 0 0 2.18 0 0 0 0 0 0 2 4 8  1.442  3.129  4.894
24 0 1 2 1 0 0 1 1 5 0 0 0 2.18 0 0 2 0 0 0 2 3 8  1.153  2.816  4.650
25 1 1 0 1 0 0 0 0 5 0 0 0 2.18 0 0 0 1 1 1 2 4 8  1.911  3.413  5.059
26 1 0 0 0 0 0 0 0 5 0 0 0 6.40 0 0 0 0 1 1 1 3 8  1.529  3.071  4.806
27 0 0 3 0 0 0 1 1 6 1 1 1 3.69 0 0 2 0 0 1 1 3 7  1.212  2.643  4.207
28 0 0 4 -1 0 0 1 1 6 1 1 1 3.69 0 0 2 1 1 1 2 4 8  1.969  3.378  4.997
29 0 0 0 -1 0 0 0 0 6 1 1 1 3.69 0 0 0 1 2 2 3 4 8  2.564  3.919  5.388
30 1 1 0 -1 0 0 0 0 6 1 1 1 8.25 0 0 0 0 1 2 3 3 8  2.051  3.527  5.119
31 0 0 4 0 0 0 1 1 8 1 1 0 4.29 0 0 2 0 0 1 2 3 8  1.641  3.174  4.863
32 0 1 0 -2 0 0 0 0 8 1 1 0 4.29 0 0 0 1 1 1 3 4 8  2.301  3.735  5.261
33 0 0 0 -1 0 0 0 0 8 1 1 1 3.76 0 0 0 0 1 1 3 4 8  1.841  3.362  4.998
34 1 0 4 -1 0 0 1 1 8 1 1 0 12.00 0 0 2 0 0 1 2 4 7  1.461  2.904  4.390
35 1 1 0 -2 1 1 0 0 8 1 1 1 8.25 0 0 0 1 1 1 2 4 8  2.169  3.614  5.170
36 0 0 0 0 0 0 0 0 9 0 0 1 3.86 1 0 0 0 1 1 2 4 7  1.724  3.131  4.553
37 0 0 0 0 0 0 0 0 9 0 0 1 3.86 1 0 0 0 0 1 2 4 7  1.379  2.818  4.326
38 0 0 0 -4 0 0 0 0 9 0 0 1 3.86 1 0 0 0 0 0 1 3 7  1.103  2.536  4.109
39 1 0 0 -5 0 0 0 0 9 0 0 1 3.86 1 0 0 0 0 0 1 2 6  0.871  2.161  3.545
40 0 0 0 0 0 0 0 0 10 0 0 1 3.18 1 0 0 0 0 0 1 2 5  0.685  1.823  3.010
41 0 0 0 0 0 0 0 0 10 0 0 1 3.18 1 0 0 0 0 0 0 2 5  0.548  1.641  2.859
42 0 1 0 4 1 0 0 0 10 0 0 1 3.18 1 0 0 0 0 0 0 1 5  0.439  1.477  2.716
43 1 0 0 4 0 0 0 0 10 0 0 1 3.04 1 0 0 0 0 0 0 1 5  0.351  1.329  2.580
44 0 0 0 0 0 0 0 0 11 0 0 1 4.38 1 0 0 0 0 0 0 1 5  0.281  1.196  2.451
45 0 1 3 1 0 0 1 1 11 0 0 1 4.38 1 0 2 0 0 0 0 0 4  0.213  0.955  1.970
46 0 0 4 2 0 0 1 1 11 0 0 1 4.38 1 0 2 1 1 1 1 1 5  1.170  1.859  2.872
47 0 0 0 5 0 0 0 0 11 0 0 1 3.35 1 0 0 1 2 2 2 2 6  1.936  2.674  3.728
48 0 0 0 8 1 0 0 0 11 0 0 1 3.35 1 0 0 0 1 2 2 2 5  1.538  2.285  3.183
49 1 0 2 7 0 0 1 1 11 0 0 0 4.98 1 0 2 0 0 1 2 2 4  1.218  1.935  2.666
50 0 0 2 0 0 0 1 1 12 1 1 1 3.88 0 0 2 1 1 1 3 3 5  1.975  2.741  3.532
51 0 0 1 -2 1 1 1 1 12 1 1 1 3.88 0 0 1 1 2 2 4 4 6  2.580  3.467  4.356
52 0 1 0 -3 0 0 0 0 12 1 1 1 3.88 0 0 0 1 2 3 4 5 6  3.052  3.999  4.779
53 1 0 0 -3 0 0 0 0 12 1 1 0 3.90 0 0 0 0 1 2 3 5 6  2.442  3.599  4.541
54 0 0 0 0 0 0 0 0 13 1 1 0 4.24 0 0 0 0 0 1 3 5 6  1.953  3.239  4.313
55 0 0 1 1 0 0 1 1 13 1 1 0 4.24 0 0 1 0 0 0 3 5 5  1.551  2.793  3.739
56 0 0 0 0 0 0 0 0 13 1 1 0 4.24 0 0 0 1 1 1 3 5 6  2.241  3.514  4.552
57 0 0 1 -3 1 1 1 1 13 1 1 0 4.24 0 0 1 0 1 1 2 4 6  1.793  3.163  4.325
58 1 1 0 -7 1 0 0 0 13 1 1 1 2.92 0 0 0 1 1 2 2 5 7  2.434  3.846  5.109
59 0 0 0 0 0 0 0 0 14 1 1 1 4.58 0 0 0 0 1 1 2 5 7  1.947  3.462  4.853
60 0 0 0 2 0 0 0 0 14 1 1 1 4.58 0 0 0 0 0 1 2 4 7  1.558  3.116  4.610
61 0 0 0 3 0 0 0 0 14 1 1 1 4.58 0 0 0 0 0 0 2 3 7  1.246  2.804  4.380
62 1 1 0 5 0 0 0 0 14 1 1 1 4.58 0 0 0 0 0 0 1 2 7  0.997  2.524  4.161
63 0 0 0 0 0 0 0 0 15 1 1 1 4.38 0 0 0 0 0 0 1 2 7  0.798  2.271  3.953
64 0 0 0 3 0 0 0 0 15 1 1 1 4.38 0 0 0 0 0 0 0 2 7  0.638  2.044  3.755
65 0 0 5 1 0 0 1 2 15 1 1 1 4.38 0 0 3 0 0 0 0 2 7  0.510  1.840  3.567
66 0 1 0 0 1 1 0 0 15 1 1 1 4.38 0 0 0 1 1 1 1 2 7  1.397  2.534  4.031
67 1 0 0 -4 0 0 0 0 15 1 1 0 4.98 0 0 0 0 1 1 1 2 6  1.106  2.159  3.471
68 0 0 0 1 0 0 0 0 16 0 1 1 3.04 0 0 0 0 0 1 1 1 6  0.885  1.943  3.297
69 0 0 0 2 1 0 0 0 16 0 1 1 3.04 0 0 0 0 0 0 1 1 6  0.708  1.749  3.132
70 0 1 0 2 1 0 0 0 16 0 1 1 3.04 0 0 0 0 0 0 1 1 5  0.555  1.452  2.617
71 1 0 0 1 1 1 0 0 16 0 1 1 4.33 0 0 0 0 0 0 1 1 4  0.432  1.186  2.128
72 0 0 2 0 0 0 1 1 17 0 1 1 3.86 0 0 2 0 0 0 0 1 3  0.334  0.946  1.663
73 0 0 0 -1 0 0 0 0 17 0 1 1 3.86 0 0 0 1 1 1 1 2 4  1.267  1.851  2.580
74 0 1 0 -2 1 1 0 0 17 0 1 1 3.86 0 0 0 0 1 1 1 2 4  1.014  1.666  2.451
75 1 0 0 -2 0 0 0 0 17 0 1 1 3.86 0 0 0 0 0 1 1 2 4  0.811  1.499  2.328
76 0 0 0 0 0 0 0 0 18 1 0 1 3.12 1 0 0 0 0 0 1 1 3  0.637  1.228  1.853
77 0 1 0 0 1 0 0 0 18 1 0 1 3.12 1 0 0 0 0 0 1 1 3  0.510  1.105  1.761
78 0 0 6 1 1 1 1 2 18 1 0 1 3.12 1 0 3 0 0 0 1 1 2  0.396  0.873  1.314
79 1 0 0 2 1 0 0 0 18 1 0 1 3.12 1 0 0 1 1 1 1 2 3  1.317  1.786  2.248
80 0 0 0 0 0 0 0 0 19 1 0 0 3.16 1 0 0 0 1 1 1 2 3  1.054  1.607  2.136
81 0 1 0 0 1 1 0 0 19 1 0 0 3.16 1 0 0 0 0 1 1 2 3  0.843  1.446  2.029
82 0 0 0 -1 0 0 0 0 19 1 0 0 3.16 1 0 0 0 0 0 1 2 3  0.674  1.302  1.928
83 1 1 0 -3 1 0 0 0 19 1 0 0 3.16 1 0 0 0 0 0 1 1 3  0.539  1.172  1.831
84 0 0 0 0 0 0 0 0 20 0 0 1 3.32 1 0 0 0 0 0 1 1 3  0.432  1.054  1.740
85 0 0 0 -1 0 0 0 0 20 0 0 1 3.32 1 0 0 0 0 0 0 1 3  0.345  0.949  1.653
86 0 1 5 -1 1 1 1 2 20 0 0 1 3.32 1 0 3 0 0 0 0 1 2  0.265  0.732  1.212
87 1 0 0 0 0 0 0 0 20 0 0 0 2.92 1 0 0 1 1 1 1 2 3  1.212  1.659  2.151
88 0 0 0 0 0 0 0 0 21 1 0 1 3.35 1 0 0 0 1 1 1 2 3  0.969  1.493  2.044
89 0 0 5 -1 0 0 1 2 21 1 0 1 3.35 1 0 3 0 0 1 1 1 3  0.776  1.344  1.941
90 0 0 0 -4 0 0 0 0 21 1 0 1 3.35 1 0 0 1 1 1 2 2 4  1.620  2.210  2.844
91 1 1 0 -2 1 1 0 0 21 1 0 0 2.01 1 0 0 0 1 1 2 2 4  1.296  1.989  2.702
92 1 1 0 -3 1 1 0 0 21 1 0 0 2.01 1 0 0 0 0 1 2 2 4  1.037  1.790  2.567
93 0 0 2 0 0 0 1 1 22 1 0 1 3.69 1 0 2 0 0 0 1 2 3  0.818  1.489  2.080
94 0 0 0 2 0 0 0 0 22 1 0 1 3.69 1 0 0 1 1 1 2 3 4  1.654  2.340  2.976
95 0 0 0 4 0 0 0 0 22 1 0 1 3.39 1 0 0 0 1 1 2 3 4  1.324  2.106  2.827
96 1 1 0 5 0 0 0 0 22 1 0 1 5.53 1 0 0 0 0 1 1 3 4  1.059  1.896  2.686
97 1 1 0 4 1 1 0 0 22 1 0 1 2.49 1 0 0 0 0 0 1 2 4  0.847  1.706  2.552
98 0 0 0 0 0 0 0 0 23 0 0 1 3.26 1 0 0 0 0 0 1 2 4  0.678  1.535  2.424
99 0 1 0 2 1 1 0 0 23 0 0 1 3.26 1 0 0 0 0 0 1 2 3  0.531  1.260  1.944
100 0 1 1 1 0 0 1 1 23 0 0 1 3.26 1 0 1 0 0 0 0 1 3  0.424  1.134  1.847
101 1 0 5 1 1 1 1 2 23 0 0 1 2.49 1 0 3 1 1 1 1 2 4  1.340  2.021  2.755
102 1 0 0 2 1 1 0 0 23 0 0 1 3.39 1 0 0 1 2 2 2 3 5  2.072  2.819  3.617
103 0 0 0 0 0 0 0 0 24 1 0 1 3.92 1 0 0 0 1 2 2 3 5  1.657  2.537  3.436
104 0 0 0 -2 0 0 0 0 24 1 0 1 3.92 1 0 0 0 0 1 2 2 5  1.326  2.283  3.264
105 0 1 1 -3 1 1 1 1 24 1 0 1 3.92 1 0 1 0 0 0 2 2 5  1.061  2.055  3.101
106 1 0 0 -3 1 1 0 0 24 1 0 1 1.91 1 0 0 1 1 1 3 3 6  1.849  2.849  3.946
107 1 1 1 -3 1 0 1 1 24 1 0 0 2.72 1 0 1 0 1 1 2 3 5  1.467  2.443  3.390
108 0 0 0 0 0 0 0 0 25 1 0 1 2.91 1 0 0 1 1 2 2 4 6  2.174  3.199  4.221
109 0 0 0 -1 0 0 0 0 25 1 0 1 2.91 1 0 0 0 1 1 2 4 6  1.739  2.879  4.010
110 0 0 0 -6 0 0 0 0 25 1 0 1 2.91 1 0 0 0 0 1 2 4 5  1.380  2.469  3.451
111 1 0 1 -9 0 0 1 1 25 1 0 1 2.91 1 0 1 0 0 0 2 3 5  1.104  2.222  3.278
112 1 0 0 -9 1 0 0 0 25 1 0 0 4.66 1 0 0 1 1 1 2 3 6  1.883  3.000  4.114
113 0 0 1 0 0 0 1 1 26 1 0 1 2.26 1 0 1 0 1 1 2 3 6  1.506  2.700  3.909
114 0 0 0 -7 0 0 0 0 26 1 0 1 2.26 1 0 0 1 1 2 2 4 6  2.194  3.309  4.355
115 0 0 0 -5 0 0 0 0 26 1 0 1 2.26 1 0 0 0 1 1 2 4 6  1.755  2.978  4.137
116 1 0 0 -5 1 0 0 0 26 1 0 1 2.26 1 0 0 0 0 1 2 3 6  1.404  2.680  3.930
117 1 1 0 -4 1 0 0 0 26 1 0 1 2.08 1 0 0 0 0 0 2 3 6  1.123  2.412  3.734
118 1 0 0 0 0 0 0 0 27 1 1 1 2.49 0 0 0 0 0 0 1 2 6  0.899  2.171  3.547
119 1 0 0 1 0 0 0 0 28 0 1 1 3.26 0 0 0 0 0 0 1 2 6  0.719  1.954  3.370
120 0 0 0 0 0 0 0 0 29 0 1 1 4.12 0 0 0 0 0 0 0 2 6  0.575  1.758  3.201
121 0 1 0 0 0 0 0 0 29 0 1 1 4.12 0 0 0 0 0 0 0 2 5  0.449  1.461  2.683
122 0 0 0 0 0 0 0 0 29 0 1 1 4.12 0 0 0 0 0 0 0 1 4  0.347  1.193  2.190
123 1 1 5 -2 1 1 1 2 29 0 1 1 4.12 0 0 3 0 0 0 0 1 4  0.278  1.074  2.080
124 1 1 0 -6 1 1 0 0 29 0 1 1 3.39 0 0 0 1 1 1 1 1 5  1.222  1.967  2.976
125 0 0 4 0 0 0 1 1 30 1 1 1 3.54 0 0 2 0 1 1 1 1 5  0.978  1.770  2.828
126 0 0 3 0 0 0 1 1 30 1 1 1 3.54 0 0 2 1 1 2 2 2 5  1.771  2.471  3.328
127 0 0 0 3 1 1 0 0 30 1 1 1 3.54 0 0 0 1 2 2 3 3 6  2.417  3.224  4.161
128 0 1 0 1 1 1 0 0 30 1 1 1 2.45 0 0 0 0 1 2 3 3 5  1.922  2.780  3.595
129 1 0 0 2 1 1 0 0 30 1 1 0 2.92 0 0 0 0 0 1 3 3 5  1.537  2.502  3.415
130 0 0 0 0 0 0 0 0 31 1 1 1 3.32 0 0 0 0 0 0 2 3 5  1.230  2.252  3.244
131 0 1 5 -2 1 0 1 2 31 1 1 1 3.32 0 0 3 0 0 0 2 3 5  0.984  2.027  3.082
132 0 0 0 -1 1 0 0 0 31 1 1 1 3.58 0 0 0 1 1 1 2 4 5  1.776  2.702  3.570
133 1 0 0 -1 0 0 0 0 31 1 1 0 3.73 0 0 0 0 1 1 1 4 5  1.420  2.432  3.391
134 1 1 3 -1 1 1 1 1 31 1 1 0 3.73 0 0 2 0 0 1 1 3 4  1.125  2.067  2.863
135 1 0 0 0 1 0 0 0 32 1 1 1 2.08 0 0 0 1 1 1 2 4 5  1.900  2.861  3.720
136 0 0 4 0 0 0 1 1 33 1 1 1 2.26 0 0 2 0 1 1 2 3 5  1.520  2.575  3.534
137 0 0 4 -1 1 1 1 1 33 1 1 1 2.26 0 0 2 1 1 2 3 3 6  2.216  3.317  4.357
138 0 0 1 0 0 0 1 1 33 1 1 1 2.26 0 0 1 1 2 2 3 4 7  2.773  3.985  5.139
139 1 0 0 -1 0 0 0 0 33 1 1 1 2.26 0 0 0 1 2 3 4 5 8  3.218  4.587  5.882
140 1 1 5 -4 1 0 1 2 33 1 1 0 4.66 0 0 3 0 1 2 4 5 8  2.575  4.128  5.588
141 0 0 4 0 0 0 1 1 34 1 1 1 4.12 0 0 2 1 1 2 4 6 9  3.060  4.715  6.309
142 0 0 2 3 0 0 1 1 34 1 1 1 4.12 0 0 2 1 2 2 5 6 10  3.448  5.244  6.993
143 0 0 0 2 1 1 0 0 34 1 1 1 4.12 0 0 0 1 2 3 5 7 11  3.758  5.719  7.644
144 0 0 0 0 0 0 0 0 34 1 1 1 2.39 0 0 0 0 1 2 4 7 10  2.995  5.026  6.903
145 1 0 1 0 0 0 1 1 34 1 1 0 3.08 0 0 1 0 0 1 3 6 10  2.396  4.523  6.558
146 0 0 1 4 0 0 1 1 35 1 1 1 4.66 0 0 1 1 1 1 4 7 10  2.905  4.949  6.871
147 0 0 0 1 0 0 0 0 35 1 1 1 4.66 0 0 0 1 2 2 4 7 10  3.313  5.333  7.169
148 0 1 0 1 1 1 0 0 35 1 1 1 4.66 0 0 0 0 1 2 3 6 10  2.650  4.800  6.811
149 1 1 0 1 0 0 0 0 35 1 1 1 4.66 0 0 0 0 0 1 2 5 10  2.120  4.320  6.470
150 1 0 0 0 0 0 0 0 36 0 1 0 1.57 0 0 0 0 0 0 2 5 10  1.696  3.888  6.147
151 0 0 0 0 0 0 0 0 37 1 0 0 3.00 0 0 0 0 0 0 2 4 10  1.357  3.499  5.840
152 0 0 4 0 0 0 1 1 37 1 0 0 3.00 0 0 2 0 0 0 1 3 9  1.074  3.027  5.189
153 0 1 0 -4 1 0 0 0 37 1 0 0 3.00 0 0 0 1 1 1 1 3 10  1.859  3.725  5.930
154 1 0 0 -8 0 0 0 0 37 1 0 0 3.00 0 0 0 0 1 1 1 3 10  1.487  3.352  5.633
155 0 0 0 0 0 0 0 0 38 1 0 1 2.92 0 0 0 0 0 1 1 3 9  1.178  2.895  4.993
156 0 1 0 -1 1 0 0 0 38 1 0 1 2.92 0 0 0 0 0 0 1 2 9  0.943  2.606  4.743
157 0 0 0 -2 1 1 0 0 38 1 0 1 2.92 0 0 0 0 0 0 1 1 8  0.743  2.224  4.148
158 1 0 0 -1 0 0 0 0 38 1 0 0 2.26 0 0 0 0 0 0 1 1 7  0.583  1.880  3.582
159 0 0 0 0 0 0 0 0 39 1 0 1 3.52 0 0 0 0 0 0 0 1 6  0.455  1.570  3.044
160 0 0 0 0 1 0 0 0 39 1 0 1 3.52 0 0 0 0 0 0 0 1 6  0.364  1.413  2.892
161 0 0 0 1 0 0 0 0 39 1 0 1 3.52 0 0 0 0 0 0 0 1 5  0.279  1.150  2.389
162 1 0 0 -1 1 1 0 0 39 1 0 1 4.00 0 0 0 0 0 0 0 1 4  0.212  0.914  1.911
163 1 1 0 -2 1 1 0 0 39 1 0 1 2.67 0 0 0 0 0 0 0 0 3  0.158  0.701  1.457
164 0 0 1 1 0 0 1 1 40 1 1 0 4.56 0 0 1 0 0 0 0 0 3  0.126  0.631  1.384
165 0 0 5 -2 0 0 1 2 40 1 1 0 4.56 0 0 3 1 1 1 1 1 4  1.101  1.568  2.315
166 0 0 5 -5 0 0 1 2 40 1 1 0 4.56 0 0 3 1 2 2 2 2 4  1.869  2.289  2.841
167 0 1 0 -8 0 0 0 0 40 1 1 1 3.86 0 0 0 1 2 3 3 3 4  2.484  2.939  3.340
168 1 1 5 -8 1 1 1 2 40 1 1 1 3.86 0 0 3 0 1 2 3 3 4  1.987  2.645  3.173
169 0 0 5 3 0 0 1 2 41 1 1 1 5.78 0 0 3 1 1 2 4 4 5  2.590  3.380  4.015
170 0 0 1 0 0 0 1 1 41 1 1 1 5.78 0 0 1 1 2 2 5 5 6  3.072  4.042  4.814
171 0 1 1 0 0 0 1 1 41 1 1 1 5.78 0 0 1 1 2 3 5 6 7  3.457  4.638  5.573
172 0 0 0 -3 1 1 0 0 41 1 1 0 3.06 0 0 0 1 2 3 5 7 8  3.766  5.174  6.294
173 1 0 5 -4 1 1 1 2 41 1 1 1 2.99 0 0 3 0 1 2 4 7 7  3.001  4.535  5.621
174 0 0 0 5 0 0 0 0 42 0 1 1 3.69 0 0 0 1 1 2 5 8 8  3.401  5.082  6.340
175 0 0 0 6 1 1 0 0 42 0 1 1 3.69 0 0 0 0 1 1 4 7 8  2.721  4.574  6.023
176 0 0 0 3 0 0 0 0 42 0 1 1 3.69 0 0 0 0 0 1 3 6 8  2.177  4.116  5.722
177 1 1 0 2 0 0 0 0 42 0 1 1 3.69 0 0 0 0 0 0 2 5 8  1.741  3.705  5.436
178 1 1 0 2 1 0 0 0 42 0 1 1 4.76 0 0 0 0 0 0 1 5 8  1.393  3.334  5.164
179 0 0 0 0 0 0 0 0 43 1 1 1 2.92 0 0 0 0 0 0 1 4 8  1.114  3.001  4.906
180 0 1 0 0 0 0 0 0 43 1 1 1 2.92 0 0 0 0 0 0 0 3 8  0.892  2.701  4.661
181 0 0 1 1 1 0 1 1 43 1 1 1 2.92 0 0 1 0 0 0 0 2 8  0.713  2.431  4.428
182 1 0 0 3 1 1 0 0 43 1 1 1 2.92 0 0 0 1 1 1 1 2 9  1.571  3.188  5.206
183 0 0 0 1 0 0 0 0 44 1 1 1 3.52 0 0 0 0 1 1 1 2 9  1.256  2.869  4.946
184 0 0 0 1 0 0 0 0 44 1 1 1 3.52 0 0 0 0 0 1 1 1 9  1.005  2.582  4.699
185 0 0 1 2 1 1 1 1 44 1 1 1 3.52 0 0 1 0 0 0 1 1 8  0.793  2.202  4.105
186 1 0 0 1 1 0 0 0 44 1 1 1 3.52 0 0 0 1 1 1 2 2 8  1.623  2.860  4.541
187 1 0 1 1 0 0 1 1 44 1 1 1 2.94 0 0 1 0 1 1 2 2 7  1.287  2.453  3.956
188 1 1 5 0 1 1 1 2 45 1 1 1 4.00 0 0 3 1 1 2 2 3 8  2.029  3.207  4.758
189 1 0 1 -5 1 1 1 1 46 1 0 0 3.08 0 0 1 1 2 2 3 4 8  2.612  3.765  5.162
190 0 0 5 0 0 0 1 2 47 1 0 0 3.41 0 0 3 1 2 3 4 5 8  3.078  4.267  5.545
191 0 0 5 0 0 0 1 2 47 1 0 0 3.41 0 0 3 1 2 3 5 6 8  3.451  4.719  5.909
192 0 0 4 1 0 0 1 1 47 1 0 0 3.41 0 0 2 1 2 3 5 6 8  3.749  5.125  6.255
193 1 1 5 1 0 0 1 2 47 1 0 0 3.41 0 0 3 1 2 3 6 7 9  3.999  5.613  6.943
194 1 1 1 1 1 0 1 1 47 1 0 1 5.06 0 0 1 1 2 3 6 8 9  4.188  5.930  7.237
195 0 0 1 0 0 0 1 1 48 0 0 0 3.43 0 0 1 1 2 3 6 9 10  4.350  6.337  7.875
196 0 0 0 1 1 1 0 0 48 0 0 0 3.43 0 0 0 1 2 3 6 9 11  4.480  6.703  8.481
197 0 1 5 1 1 1 1 2 48 0 0 0 3.43 0 0 3 0 1 2 5 9 11  3.584  6.033  8.057
198 0 0 1 1 0 0 1 1 48 0 0 0 4.20 0 0 1 1 1 2 5 9 12  3.867  6.430  8.654
199 1 0 0 1 0 0 0 0 48 0 0 1 2.39 0 0 0 1 2 2 5 9 13  4.094  6.787  9.222
200 0 0 0 0 0 0 0 0 49 0 0 1 3.69 1 0 0 0 1 2 4 8 13  3.275  6.108  8.761
201 0 0 0 0 0 0 0 0 49 0 0 1 3.69 1 0 0 0 0 1 3 7 13  2.620  5.497  8.323
202 0 0 0 4 0 0 0 0 49 0 0 1 3.69 1 0 0 0 0 0 2 6 12  2.085  4.826  7.548
203 0 0 4 7 0 0 1 1 49 0 0 1 2.99 1 0 2 0 0 0 2 5 12  1.668  4.343  7.171
204 1 0 1 9 0 0 1 1 49 0 0 1 2.99 1 0 1 1 1 1 2 5 13  2.334  4.909  7.812
205 1 0 0 12 0 0 0 0 49 0 0 1 3.86 1 0 0 1 2 2 2 5 14  2.867  5.418  8.421
206 0 0 0 0 0 0 0 0 50 1 0 0 4.56 1 0 0 0 1 2 2 4 13  2.282  4.755  7.642
207 0 1 0 -6 0 0 0 0 50 1 0 0 4.56 1 0 0 0 0 1 2 4 13  1.826  4.279  7.260
208 0 0 0 -7 0 0 0 0 50 1 0 0 4.56 1 0 0 0 0 0 2 3 12  1.449  3.730  6.538
209 1 0 5 -7 1 0 1 2 50 1 0 0 4.56 1 0 3 0 0 0 2 2 11  1.148  3.235  5.853
210 0 0 0 0 0 0 0 0 51 1 0 1 3.69 1 0 0 1 1 1 2 3 11  1.907  3.790  6.202
211 0 0 0 -2 1 1 0 0 51 1 0 1 3.69 1 0 0 0 1 1 1 3 10  1.514  3.289  5.533
212 0 1 1 -3 0 0 1 1 51 1 0 1 3.69 1 0 1 0 0 1 1 3 9  1.200  2.839  4.898
213 1 0 0 -7 0 0 0 0 51 1 0 1 3.69 1 0 0 1 1 1 2 4 9  1.948  3.433  5.295
214 0 0 0 0 0 0 0 0 52 1 1 0 4.99 0 0 0 0 1 1 2 3 8  1.547  2.969  4.671
215 0 1 4 1 0 0 1 1 52 1 1 0 4.99 0 0 2 0 0 1 2 2 7  1.226  2.550  4.079
216 0 1 0 0 1 1 0 0 52 1 1 0 4.99 0 0 0 1 1 1 2 3 7  1.969  3.174  4.517
217 1 0 0 1 1 0 0 0 52 1 1 0 2.85 0 0 0 0 1 1 2 3 7  1.575  2.856  4.291
218 1 1 5 4 1 1 1 2 52 1 1 0 2.85 0 0 3 0 0 1 2 3 6  1.249  2.449  3.718
219 0 0 1 0 0 0 1 1 53 1 1 1 3.04 0 0 1 1 1 1 2 4 6  1.988  3.083  4.174
220 0 0 0 0 0 0 0 0 53 1 1 1 3.04 0 0 0 1 2 2 3 4 7  2.590  3.774  4.965
221 0 1 5 1 1 1 1 2 53 1 1 1 3.04 0 0 3 0 1 2 3 4 7  2.072  3.397  4.717
222 1 0 0 1 0 0 0 0 53 1 1 1 3.04 0 0 0 1 1 2 3 5 8  2.658  4.057  5.481
223 0 0 0 2 0 0 0 0 54 1 1 1 2.72 0 0 0 0 1 1 3 4 8  2.126  3.651  5.207
224 0 0 0 2 0 0 0 0 54 1 1 1 2.72 0 0 0 0 0 1 3 4 7  1.689  3.165  4.588
225 0 1 5 6 0 0 1 2 54 1 1 1 2.72 0 0 3 0 0 0 2 4 6  1.340  2.727  4.000
226 1 0 0 4 0 0 0 0 54 1 1 1 2.72 0 0 0 1 1 1 2 4 7  2.072  3.454  4.800
227 1 1 0 4 1 1 0 0 54 1 1 0 5.40 0 0 0 0 1 1 2 4 7  1.658  3.109  4.560
228 0 0 1 0 0 0 1 1 55 0 1 1 3.00 0 0 1 0 0 1 1 4 7  1.326  2.798  4.332
229 0 0 0 -2 0 0 0 0 55 0 1 1 3.00 0 0 0 1 1 1 2 4 8  2.061  3.518  5.116
230 0 0 0 1 0 0 0 0 55 0 1 1 3.00 0 0 0 0 1 1 2 3 7  1.637  3.045  4.501
231 1 0 1 1 0 0 1 1 55 0 1 0 2.85 0 0 1 0 0 1 2 3 7  1.310  2.740  4.276
232 0 0 0 0 0 0 0 0 56 1 1 1 3.18 0 0 0 1 1 1 2 3 8  2.048  3.466  5.062
233 0 0 0 2 0 0 0 0 56 1 1 1 3.18 0 0 0 0 1 1 2 3 7  1.627  2.998  4.451
234 0 1 5 2 1 1 1 2 56 1 1 1 3.18 0 0 3 0 0 1 2 3 7  1.301  2.698  4.228
235 1 0 0 7 0 0 0 0 56 1 1 1 3.18 0 0 0 1 1 1 2 4 8  2.041  3.428  5.017
236 1 0 0 5 1 1 0 0 56 1 1 0 4.14 0 0 0 0 1 1 2 3 7  1.621  2.964  4.408
237 0 0 0 0 0 0 0 0 57 1 1 1 4.38 0 0 0 0 0 1 2 3 7  1.297  2.668  4.187
238 0 0 2 0 1 0 1 1 57 1 1 1 4.38 0 0 2 0 0 0 1 3 7  1.038  2.401  3.978
239 0 0 0 -1 1 0 0 0 57 1 1 1 4.38 0 0 0 1 1 1 2 3 7  1.819  3.039  4.420
240 0 1 0 -4 1 1 0 0 57 1 1 0 4.98 0 0 0 0 1 1 2 3 6  1.443  2.614  3.841
241 1 1 0 -4 0 0 0 0 57 1 1 1 4.91 0 0 0 0 0 1 1 3 6  1.155  2.352  3.649
242 0 0 0 0 0 0 0 0 58 1 1 0 3.48 0 0 0 0 0 0 1 2 5  0.912  1.995  3.108
243 0 0 1 3 0 0 1 1 58 1 1 0 3.48 0 0 1 0 0 0 1 2 5  0.730  1.796  2.953
244 0 0 0 2 0 0 0 0 58 1 1 0 3.48 0 0 0 1 1 1 2 3 6  1.584  2.616  3.805
245 1 0 5 2 0 0 1 2 58 1 1 1 3.78 0 0 3 0 1 1 1 2 6  1.267  2.355  3.615
246 1 1 1 1 1 1 1 1 58 1 1 0 4.98 0 0 1 1 1 2 2 3 6  2.002  2.998  4.075
247 0 0 1 0 0 0 1 1 59 1 1 0 4.18 0 0 1 1 2 2 3 4 7  2.602  3.698  4.872
248 0 0 5 -1 0 0 1 2 59 1 1 0 3.12 0 0 3 1 2 3 4 5 8  3.081  4.328  5.628
249 0 0 0 -3 0 0 0 0 59 1 1 0 3.12 0 0 0 1 2 3 5 5 8  3.454  4.774  5.988
250 0 0 1 -3 1 1 1 1 59 1 1 0 4.29 0 0 1 0 1 2 4 5 8  2.763  4.296  5.689
251 1 0 0 3 0 0 0 0 59 1 1 1 3.60 0 0 0 1 1 2 5 6 9  3.210  4.867  6.404
252 0 0 1 1 0 0 1 1 60 1 1 1 4.47 0 0 1 0 1 1 4 6 8  2.557  4.258  5.726
253 0 0 0 0 0 0 0 0 60 1 1 1 4.47 0 0 0 1 1 2 4 7 9  3.045  4.833  6.439
254 0 0 1 0 1 0 1 1 60 1 1 1 4.47 0 0 1 0 1 1 3 6 9  2.436  4.349  6.117
255 0 0 0 -4 1 0 0 0 60 1 1 1 6.00 0 0 0 1 1 2 3 7 9  2.937  4.793  6.453
256 1 1 0 -6 1 0 0 0 60 1 1 1 6.00 0 0 0 0 1 1 3 6 9  2.350  4.314  6.130
257 0 0 1 0 0 0 1 1 61 0 1 1 3.69 0 0 1 0 0 1 2 5 9  1.880  3.882  5.824
258 0 0 0 2 0 0 0 0 61 0 1 1 3.69 0 0 0 1 1 1 3 5 10  2.504  4.494  6.533
259 0 0 0 2 0 0 0 0 61 0 1 1 3.69 0 0 0 0 1 1 2 4 9  1.992  3.923  5.848
260 1 0 1 3 1 0 1 1 61 0 1 1 3.69 0 0 1 0 0 1 2 4 9  1.593  3.531  5.555
261 1 0 1 1 0 0 1 1 61 0 1 1 3.75 0 0 1 1 1 1 2 4 10  2.275  4.178  6.277
262 0 0 1 0 0 0 1 1 62 0 0 1 4.38 1 0 1 1 2 2 3 5 11  2.820  4.760  6.964
263 0 0 4 2 0 0 1 1 62 0 0 1 4.38 1 0 2 1 2 3 4 5 12  3.256  5.284  7.615
264 0 1 0 5 1 0 0 0 62 0 0 1 4.91 1 0 0 1 2 3 4 6 12  3.593  5.634  7.876
265 0 0 5 5 1 1 1 2 62 0 0 1 4.91 1 0 3 0 1 2 4 5 12  2.874  5.071  7.482
266 1 0 0 8 1 1 0 0 62 0 0 0 4.98 1 0 0 1 1 2 5 6 12  3.288  5.442  7.750
267 0 0 0 0 0 0 0 0 63 0 0 0 3.48 1 0 0 0 1 1 4 6 11  2.619  4.776  7.004
268 0 1 0 1 0 0 0 0 63 0 0 0 3.48 1 0 0 0 0 1 3 5 10  2.084  4.177  6.295
269 0 1 0 4 0 0 0 0 63 0 0 0 3.48 1 0 0 0 0 0 2 5 9  1.655  3.638  5.622
270 1 0 2 1 0 0 1 1 63 0 0 0 4.14 1 0 2 0 0 0 1 5 9  1.324  3.274  5.341
271 1 1 5 3 1 1 1 2 63 0 0 1 4.33 1 0 3 1 1 1 2 5 9  2.048  3.825  5.715
272 0 0 0 0 0 0 0 0 64 0 0 1 4.15 1 0 0 1 2 2 2 5 10  2.638  4.442  6.429
273 0 0 0 0 1 0 0 0 64 0 0 1 4.15 1 0 0 0 1 2 2 4 9  2.099  3.877  5.749
274 0 1 0 0 0 0 0 0 64 0 0 1 4.15 1 0 0 0 0 1 2 3 9  1.679  3.489  5.462
275 1 1 2 2 0 0 1 1 64 0 0 0 4.98 1 0 2 0 0 0 2 3 8  1.332  3.018  4.830
276 0 0 0 1 0 0 0 0 65 1 1 0 2.18 0 0 0 1 1 1 3 3 9  2.066  3.717  5.589
277 0 0 5 3 0 0 1 2 65 1 1 0 2.18 0 0 3 0 1 1 2 3 9  1.652  3.345  5.309
278 0 0 2 0 0 0 1 1 68 1 0 0 2.88 1 0 2 1 1 2 2 4 9  2.310  3.889  5.686
279 0 0 0 0 1 0 0 0 68 1 0 0 2.88 1 0 0 1 2 2 3 5 10  2.848  4.500  6.401
280 0 0 0 -1 0 0 0 0 68 1 0 0 2.88 1 0 0 0 1 2 3 5 10  2.279  4.050  6.081
281 1 0 1 -1 1 0 1 1 68 1 0 0 2.88 1 0 1 0 0 1 3 4 9  1.811  3.523  5.419
282 1 0 0 5 0 0 0 0 68 1 0 1 6.93 1 0 0 1 1 1 3 4 9  2.438  4.050  5.789
283 0 0 0 0 0 0 0 0 69 1 0 1 3.25 1 0 0 0 1 1 3 4 8  1.939  3.523  5.141
284 0 0 1 0 0 0 1 1 69 1 0 1 3.25 1 0 1 0 0 1 2 4 7  1.539  3.049  4.526
285 0 0 0 0 0 0 0 0 69 1 0 1 3.25 1 0 0 1 1 1 2 5 8  2.231  3.744  5.299
286 1 0 0 -9 0 0 0 0 69 1 0 1 3.25 1 0 0 0 1 1 2 4 7  1.774  3.248  4.676
287 0 0 0 0 0 0 0 0 70 0 0 1 3.19 1 0 0 0 0 1 2 4 7  1.419  2.923  4.442
288 0 0 0 -1 1 1 0 0 70 0 0 1 3.19 1 0 0 0 0 0 1 3 7  1.135  2.631  4.220
289 0 0 1 -1 1 0 1 1 70 0 0 1 3.19 1 0 1 0 0 0 1 2 7  0.908  2.368  4.009
290 1 1 0 -1 0 0 0 0 70 0 0 1 3.19 1 0 0 1 1 1 2 3 8  1.726  3.131  4.809
291 1 1 1 -3 1 0 1 1 70 0 0 1 2.63 1 0 1 0 1 1 1 3 7  1.370  2.696  4.210
292 0 0 0 0 0 0 0 0 71 1 0 1 3.04 0 0 0 1 1 2 2 3 7  2.084  3.305  4.641
293 0 0 0 2 0 0 0 0 71 1 0 1 3.04 0 0 0 0 1 1 2 3 7  1.667  2.975  4.409
294 0 0 0 2 0 0 0 0 71 1 0 1 3.04 0 0 0 0 0 1 2 3 7  1.334  2.677  4.188
295 1 0 0 0 1 0 0 0 71 1 0 0 5.40 0 0 0 0 0 0 2 2 7  1.067  2.410  3.979
296 1 0 5 2 0 0 1 2 71 1 0 1 2.65 0 0 3 0 0 0 1 2 6  0.842  2.047  3.421
297 0 0 0 0 0 0 0 0 72 1 0 1 2.72 0 0 0 1 1 1 2 3 7  1.674  2.842  4.250
298 0 0 2 0 0 0 1 1 72 1 0 1 2.72 0 0 2 0 1 1 1 3 6  1.327  2.436  3.679
299 0 0 0 0 0 0 0 0 72 1 0 1 2.72 0 0 0 1 1 2 2 4 6  2.050  3.071  4.137
300 1 1 2 1 0 0 1 1 72 1 0 1 2.72 0 0 2 0 1 1 2 3 6  1.640  2.764  3.930
301 1 0 1 0 0 0 1 1 72 1 0 0 5.40 0 0 1 1 1 2 3 4 7  2.312  3.488  4.734
302 0 0 0 0 0 0 0 0 73 1 0 1 3.23 0 0 0 1 2 2 4 4 7  2.838  4.017  5.138
303 0 0 2 0 0 0 1 1 73 1 0 1 3.23 0 0 2 0 1 2 3 4 7  2.271  3.616  4.881
304 0 0 1 4 1 0 1 1 73 1 0 1 3.23 0 0 1 1 1 2 4 5 8  2.817  4.254  5.637
305 0 1 2 4 0 0 1 1 73 1 0 0 4.99 0 0 2 1 2 2 4 6 8  3.242  4.707  5.997
306 1 0 5 4 1 1 1 2 73 1 0 1 3.40 0 0 3 1 2 3 5 7 9  3.593  5.236  6.697
307 0 0 5 0 0 0 1 2 74 0 0 1 2.44 0 0 3 1 2 3 5 7 10  3.875  5.713  7.362
308 0 0 0 0 1 0 0 0 74 0 0 1 2.44 0 0 0 1 2 3 5 8 11  4.100  6.141  7.994
309 0 0 1 0 0 0 1 1 74 0 0 1 2.44 0 0 1 0 1 2 5 7 11  3.280  5.527  7.594
310 1 0 0 0 0 0 0 0 74 0 0 1 2.44 0 0 0 1 1 2 5 8 11  3.612  5.853  7.856
311 1 1 0 0 0 0 0 0 74 0 0 1 3.40 0 0 0 0 1 1 4 7 11  2.890  5.268  7.463
312 0 0 0 0 0 0 0 0 75 1 1 1 3.19 0 0 0 0 0 1 3 6 10  2.300  4.619  6.732
313 0 0 0 1 0 0 0 0 75 1 1 1 3.19 0 0 0 0 0 0 2 6 10  1.840  4.157  6.395
314 0 0 5 -1 1 1 1 2 75 1 1 1 3.19 0 0 3 0 0 0 1 5 10  1.472  3.742  6.075
315 1 1 0 -1 1 0 0 0 75 1 1 1 3.19 0 0 0 1 1 1 2 5 11  2.178  4.368  6.772
316 0 0 0 0 0 0 0 0 76 1 1 0 3.03 0 0 0 0 1 1 1 4 11  1.742  3.931  6.433
317 0 0 0 0 0 0 0 0 76 1 1 0 3.03 0 0 0 0 0 1 1 3 10  1.382  3.416  5.753
318 0 1 0 2 1 1 0 0 76 1 1 0 3.03 0 0 0 0 0 0 1 2 10  1.106  3.074  5.465
319 1 1 0 4 1 1 0 0 76 1 1 0 3.03 0 0 0 0 0 0 1 2 9  0.873  2.645  4.834
320 0 0 0 0 0 0 0 0 77 1 1 1 2.22 0 0 0 0 0 0 1 1 9  0.698  2.381  4.592
321 0 0 5 1 1 1 1 2 77 1 1 1 2.22 0 0 3 0 0 0 0 1 8  0.547  2.021  4.004
322 0 0 0 3 1 1 0 0 77 1 1 1 2.22 0 0 0 1 1 1 1 2 8  1.426  2.698  4.445
323 0 1 5 1 1 1 1 2 77 1 1 1 2.54 0 0 3 0 1 1 1 2 8  1.141  2.428  4.223
324 1 0 0 -1 1 1 0 0 77 1 1 0 4.60 0 0 0 1 1 2 2 3 8  1.901  3.063  4.653
325 0 0 0 0 0 0 0 0 78 1 0 1 3.12 1 0 0 0 1 1 2 2 7  1.510  2.636  4.062
326 0 1 0 -1 0 0 0 0 78 1 0 1 3.12 1 0 0 0 0 1 2 2 6  1.196  2.250  3.501
327 0 1 5 0 1 1 1 2 78 1 0 1 3.12 1 0 3 0 0 0 2 2 5  0.945  1.904  2.967
328 1 1 5 0 1 1 1 2 78 1 0 1 3.12 1 0 3 1 1 1 2 3 5  1.745  2.592  3.460
329 1 1 0 0 1 1 0 0 78 1 0 0 3.73 1 0 0 1 2 2 3 4 6  2.396  3.333  4.287
330 1 0 0 -1 0 0 0 0 79 0 0 1 3.58 1 0 0 0 1 2 2 4 5  1.905  2.878  3.714
331 0 0 0 0 0 0 0 0 83 0 0 1 3.35 1 0 0 0 0 1 2 4 5  1.524  2.590  3.529
332 0 1 1 0 0 0 1 1 83 0 0 1 3.35 1 0 1 0 0 0 2 3 5  1.219  2.331  3.352
333 0 0 1 0 0 0 1 1 83 0 0 1 3.35 1 0 1 1 1 1 3 4 6  1.975  3.098  4.185
334 1 0 1 2 0 0 1 1 83 0 0 0 2.17 1 0 1 1 2 2 3 4 7  2.580  3.788  4.975
335 0 0 2 0 0 0 1 1 84 1 0 1 2.91 1 0 2 1 2 3 3 5 7  3.053  4.288  5.368
336 0 0 2 1 0 0 1 1 84 1 0 1 2.91 1 0 2 1 2 3 4 6 8  3.442  4.859  6.100
337 0 1 5 1 1 1 1 2 84 1 0 1 2.91 1 0 3 1 2 3 5 7 9  3.754  5.373  6.795
338 0 0 0 4 0 0 0 0 84 1 0 1 3.14 1 0 0 1 2 3 6 7 10  4.003  5.836  7.455
339 1 0 0 1 0 0 0 0 84 1 0 1 1.91 1 0 0 0 1 2 5 6 10  3.202  5.252  7.082
340 0 0 0 0 0 0 0 0 85 1 0 1 3.72 1 0 0 0 0 1 4 6 10  2.562  4.727  6.728
341 0 0 0 0 0 0 0 0 85 1 0 1 3.72 1 0 0 0 0 0 3 6 10  2.050  4.254  6.392
342 0 0 5 3 0 0 1 2 85 1 0 1 3.72 1 0 3 0 0 0 2 6 9  1.628  3.707  5.714
343 0 1 4 3 1 1 1 1 85 1 0 0 2.72 1 0 2 1 1 1 2 6 10  2.302  4.337  6.428
344 1 0 0 6 0 0 0 0 85 1 0 1 1.70 1 0 0 1 2 2 2 6 10  2.830  4.781  6.748
345 0 0 0 0 0 0 0 0 86 0 0 1 2.26 1 0 0 0 1 2 2 5 10  2.264  4.303  6.411
346 0 0 0 -1 0 0 0 0 86 0 0 1 2.26 1 0 0 0 0 1 2 4 10  1.811  3.873  6.090
347 0 0 1 1 0 0 1 1 86 0 0 1 2.26 1 0 1 0 0 0 2 3 10  1.449  3.486  5.786
348 1 0 0 4 0 0 0 0 86 0 0 1 3.14 1 0 0 1 1 1 3 3 10  2.148  4.015  6.138
349 1 0 0 5 0 0 0 0 86 0 0 1 2.08 1 0 0 0 1 1 2 3 9  1.707  3.492  5.472
350 0 0 2 2 0 0 1 1 87 1 1 1 3.12 0 0 2 0 0 1 1 3 9  1.365  3.143  5.199
351 0 0 5 -2 1 1 1 2 87 1 1 1 3.12 0 0 3 1 1 1 2 4 10  2.092  3.829  5.939
352 0 0 2 -2 0 0 1 1 87 1 1 1 3.12 0 0 2 1 2 2 3 5 11  2.674  4.446  6.642
353 0 0 0 -5 0 0 0 0 87 1 1 0 3.94 0 0 0 1 2 3 4 5 11  3.128  4.880  6.951
354 1 0 5 -5 1 1 1 2 87 1 1 1 4.78 0 0 3 0 1 2 3 4 10  2.491  4.270  6.245
355 0 0 4 2 0 0 1 1 88 1 1 1 3.32 0 0 2 1 1 2 4 5 10  2.981  4.722  6.575
356 0 0 2 -1 1 1 1 1 88 1 1 1 3.32 0 0 2 1 2 2 5 6 10  3.373  5.128  6.887
357 0 0 0 0 0 0 0 0 88 1 1 1 3.32 0 0 0 1 2 3 5 7 10  3.687  5.493  7.184
358 0 0 0 -2 1 0 0 0 88 1 1 1 2.45 0 0 0 0 1 2 4 6 9  2.938  4.823  6.467
359 1 1 0 -3 0 0 0 0 88 1 1 1 2.45 0 0 0 0 0 1 3 6 9  2.350  4.340  6.143
360 0 0 2 0 0 0 1 1 89 1 1 1 3.62 0 0 2 0 0 0 3 6 9  1.880  3.906  5.836
361 0 1 5 -3 1 1 1 2 89 1 1 1 3.62 0 0 3 1 1 1 3 6 10  2.504  4.516  6.544
362 0 0 1 -8 1 1 1 1 89 1 1 1 4.78 0 0 1 1 2 2 3 6 11  3.003  5.064  7.217
363 0 0 0 -10 0 0 0 0 89 1 1 1 4.78 0 0 0 1 2 3 3 6 11  3.391  5.436  7.498
364 1 1 4 0 1 0 1 1 90 0 1 0 3.94 0 0 2 0 1 2 3 6 10  2.701  4.771  6.765
365 0 0 0 1 0 0 0 0 91 0 1 1 4.12 0 0 0 1 1 2 4 6 11  3.161  5.294  7.426
366 0 1 1 1 1 1 1 1 91 0 1 1 4.12 0 0 1 0 1 1 4 5 11  2.529  4.764  7.055
367 0 0 0 1 0 0 0 0 91 0 1 1 4.12 0 0 0 1 1 2 4 5 12  3.023  5.288  7.702
368 1 1 0 2 0 0 0 0 91 0 1 1 4.12 0 0 0 0 1 1 3 5 11  2.407  4.638  6.959
369 0 0 1 3 0 0 1 1 92 0 1 1 3.35 0 0 1 0 0 1 2 5 11  1.926  4.174  6.611
370 0 0 4 1 0 0 1 1 92 0 1 1 3.35 0 0 2 1 1 1 3 6 12  2.540  4.756  7.280
371 0 0 0 -4 0 0 0 0 92 0 1 1 3.39 0 0 0 1 2 2 3 6 12  3.021  5.159  7.558
372 0 0 5 -6 0 0 1 2 92 0 1 1 3.39 0 0 3 0 1 2 3 5 11  2.405  4.522  6.821
373 1 0 1 -1 0 0 1 1 93 1 1 1 3.69 0 0 1 1 1 2 3 5 11  2.913  4.948  7.122
374 0 0 0 0 0 0 0 0 94 1 1 1 2.26 0 0 0 1 2 2 4 6 12  3.330  5.453  7.766
375 0 1 0 0 0 0 0 0 94 1 1 1 2.26 0 0 0 0 1 2 4 5 11  2.653  4.786  7.019
376 0 0 0 0 0 0 0 0 94 1 1 1 2.26 0 0 0 0 0 1 3 5 10  2.110  4.186  6.309
377 1 1 0 -2 1 1 0 0 94 1 1 0 2.72 0 0 0 0 0 0 2 4 9  1.677  3.646  5.636
378 0 0 0 0 0 0 0 0 95 1 1 1 2.91 0 0 0 0 0 0 2 4 9  1.341  3.281  5.354
379 0 1 0 1 1 1 0 0 95 1 1 1 2.91 0 0 0 0 0 0 1 4 9  1.073  2.953  5.086
380 0 0 1 1 1 0 1 1 95 1 1 1 2.91 0 0 1 0 0 0 0 3 9  0.859  2.658  4.832
381 1 0 0 2 0 0 0 0 95 1 1 0 2.72 0 0 0 1 1 1 1 3 9  1.675  3.271  5.232
382 0 0 5 0 0 0 1 2 96 1 1 1 2.91 0 0 3 0 1 1 1 3 8  1.329  2.822  4.612
383 0 0 0 1 0 0 0 0 96 1 1 1 2.91 0 0 0 1 1 2 2 3 8  2.051  3.418  5.023
384 0 1 0 1 0 0 0 0 96 1 1 1 2.91 0 0 0 0 1 1 2 2 8  1.641  3.076  4.771
385 1 0 0 4 0 0 0 0 96 1 1 1 2.91 0 0 0 0 0 1 2 2 7  1.301  2.647  4.174
386 0 0 0 0 0 0 0 0 97 0 1 1 3.72 0 0 0 0 0 0 2 2 7  1.041  2.382  3.966
387 0 0 0 1 1 1 0 0 97 0 1 1 3.72 0 0 0 0 0 0 1 2 6  0.821  2.023  3.409
388 0 0 0 1 0 0 0 0 97 0 1 1 3.72 0 0 0 0 0 0 1 2 6  0.657  1.820  3.238
389 1 0 1 1 0 0 1 1 97 0 1 0 2.72 0 0 1 0 0 0 0 2 6  0.526  1.638  3.076
390 1 0 0 -4 0 0 0 0 98 1 0 0 2.32 0 0 0 1 1 1 1 3 6  1.409  2.353  3.564
391 0 0 0 0 0 0 0 0 99 1 0 1 3.88 0 0 0 0 1 1 1 2 5  1.116  1.996  3.027
392 0 1 0 0 0 0 0 0 99 1 0 1 3.88 0 0 0 0 0 1 1 2 5  0.893  1.796  2.876
393 0 1 0 2 1 1 0 0 99 1 0 1 3.88 0 0 0 0 0 0 1 1 4  0.703  1.495  2.374
394 1 0 5 2 0 0 1 2 99 1 0 1 3.88 0 0 3 0 0 0 1 1 3  0.550  1.224  1.897
395 0 0 0 0 0 0 0 0 100 1 0 0 2.18 0 0 0 1 1 1 2 2 4  1.440  2.102  2.802
396 0 0 3 0 1 0 1 1 100 1 0 0 2.18 0 0 2 0 1 1 1 2 4  1.152  1.892  2.662
397 0 1 0 1 0 0 0 0 100 1 0 0 2.18 0 0 0 1 1 2 2 3 5  1.922  2.702  3.529
398 1 0 5 0 0 0 1 2 100 1 0 0 2.18 0 0 3 0 1 1 2 3 5  1.537  2.432  3.352
399 1 0 5 0 0 0 1 2 100 1 0 0 2.77 0 0 3 1 1 2 3 4 6  2.230  3.189  4.185
400 0 0 0 0 0 0 0 0 101 1 0 0 2.88 1 0 0 1 2 2 4 4 7  2.784  3.870  4.975
401 0 1 5 0 1 1 1 2 101 1 0 0 2.88 1 0 3 0 1 2 3 4 6  2.216  3.361  4.368
402 0 0 1 0 0 0 1 1 101 1 0 0 2.88 1 0 1 1 1 2 4 5 7  2.773  4.025  5.150
403 1 1 0 0 1 1 0 0 101 1 0 0 2.88 1 0 0 1 2 2 4 6 7  3.206  4.501  5.534
404 0 0 5 0 0 0 1 2 102 1 0 0 3.03 1 0 3 0 1 2 4 6 7  2.565  4.051  5.257
405 0 0 0 0 0 0 0 0 102 1 0 0 3.03 1 0 0 1 1 2 4 6 8  3.052  4.646  5.994
406 0 0 0 -1 0 0 0 0 102 1 0 0 3.03 1 0 0 0 1 1 3 6 8  2.442  4.181  5.694
407 1 0 0 -2 0 0 0 0 102 1 0 0 1.72 1 0 0 0 0 1 3 5 8  1.953  3.763  5.410
408 0 0 0 0 0 0 0 0 103 0 0 1 3.25 1 0 0 0 0 0 2 5 8  1.563  3.387  5.139
409 0 0 0 -1 0 0 0 0 103 0 0 1 3.25 1 0 0 0 0 0 1 4 8  1.250  3.048  4.882
410 0 1 1 -1 0 0 1 1 103 0 0 1 3.25 1 0 1 0 0 0 1 3 7  0.989  2.622  4.280
411 1 0 0 -1 0 0 0 0 103 0 0 1 3.25 1 0 0 1 1 1 1 4 8  1.791  3.360  5.066
412 0 0 0 0 0 0 0 0 104 1 0 1 3.19 1 0 0 0 1 1 1 3 8  1.433  3.024  4.812
413 0 0 1 0 0 0 1 1 104 1 0 1 3.19 1 0 1 0 0 1 1 2 8  1.146  2.721  4.572
414 0 0 5 0 1 0 1 2 104 1 0 1 3.19 1 0 3 1 1 1 2 3 9  1.917  3.449  5.343
415 0 1 0 2 1 1 0 0 104 1 0 1 3.19 1 0 0 1 2 2 3 3 9  2.522  3.983  5.718
416 1 0 0 4 0 0 0 0 104 1 0 1 6.85 1 0 0 0 1 2 3 3 9  2.018  3.584  5.432
417 1 1 0 5 1 1 0 0 104 1 0 1 6.85 1 0 0 0 0 1 2 3 8  1.603  3.104  4.802
418 0 0 0 0 0 0 0 0 105 1 1 1 3.00 0 0 0 0 0 0 2 3 8  1.282  2.794  4.562
419 0 0 0 0 0 0 0 0 105 1 1 1 3.00 0 0 0 0 0 0 2 3 7  1.014  2.393  3.975
420 0 1 0 -1 0 0 0 0 105 1 1 1 3.00 0 0 0 0 0 0 1 3 6  0.800  2.032  3.418
421 1 0 1 0 0 0 1 1 105 1 1 0 2.85 0 0 1 0 0 0 0 2 6  0.640  1.829  3.247
422 1 0 1 1 1 1 1 1 105 1 1 0 4.99 0 0 1 1 1 1 1 3 6  1.500  2.524  3.726
423 1 0 0 2 0 0 0 0 106 1 1 1 3.40 0 0 0 1 2 2 2 4 6  2.189  3.150  4.181
424 0 0 2 1 0 0 1 1 107 1 1 1 3.04 0 0 2 0 1 2 2 3 6  1.751  2.835  3.972
425 0 0 0 1 0 0 0 0 107 1 1 1 3.04 0 0 0 1 1 2 3 3 6  2.389  3.430  4.415
426 0 0 0 2 0 0 0 0 107 1 1 1 3.04 0 0 0 0 1 1 3 3 6  1.911  3.087  4.194
427 1 0 1 1 0 0 1 1 107 1 1 1 2.76 0 0 1 0 0 1 3 3 6  1.529  2.779  3.985
428 0 0 0 1 0 0 0 0 108 1 1 1 3.25 0 0 0 1 1 1 3 4 7  2.223  3.501  4.785
429 0 0 0 1 0 0 0 0 108 1 1 1 3.25 0 0 0 0 1 1 2 4 7  1.779  3.151  4.546
430 0 0 2 0 0 0 1 1 108 1 1 1 3.25 0 0 2 0 0 1 2 4 7  1.423  2.836  4.319
431 1 0 0 1 1 0 0 0 108 1 1 0 1.72 0 0 0 1 1 1 2 5 7  2.127  3.430  4.744
432 0 0 1 0 0 0 1 1 109 1 1 1 3.19 0 0 1 0 1 1 2 4 7  1.701  3.087  4.507
433 0 1 0 0 0 0 0 0 109 1 1 1 3.19 0 0 0 1 1 2 3 4 8  2.361  3.779  5.282
434 0 0 4 1 1 1 1 1 109 1 1 1 3.19 0 0 2 0 1 1 2 4 7  1.877  3.279  4.659
435 1 0 0 2 0 0 0 0 109 1 1 0 1.72 0 0 0 1 1 2 3 4 7  2.490  3.830  5.068
436 0 0 0 0 0 0 0 0 110 0 1 1 2.22 0 0 0 0 1 1 3 4 7  1.992  3.447  4.814
437 0 0 0 -1 1 1 0 0 110 0 1 1 2.22 0 0 0 0 0 1 2 4 7  1.594  3.102  4.574
438 0 0 5 0 0 0 1 2 110 0 1 1 2.22 0 0 3 0 0 0 2 3 7  1.275  2.792  4.345
439 1 0 0 1 1 1 0 0 110 0 1 1 2.22 0 0 0 1 1 1 2 4 8  2.020  3.513  5.128
440 1 1 0 4 1 0 0 0 110 0 1 1 2.63 0 0 0 0 1 1 2 4 8  1.616  3.161  4.871
441 0 0 0 0 0 0 0 0 111 1 1 0 2.88 0 0 0 0 0 1 1 3 8  1.293  2.845  4.628
442 0 1 0 0 0 0 0 0 111 1 1 0 2.88 0 0 0 0 0 0 1 3 7  1.023  2.439  4.038
443 0 0 0 -1 0 0 0 0 111 1 1 0 2.88 0 0 0 0 0 0 1 2 6  0.807  2.074  3.478
444 1 1 0 -1 0 0 0 0 111 1 1 0 5.40 0 0 0 0 0 0 1 2 6  0.645  1.866  3.304
445 0 0 0 0 0 0 0 0 112 1 0 1 3.04 0 0 0 0 0 0 0 1 5  0.505  1.558  2.780
446 0 0 1 1 0 0 1 1 112 1 0 1 3.04 0 0 1 0 0 0 0 1 5  0.404  1.402  2.641
447 0 0 0 3 0 0 0 0 112 1 0 1 3.04 0 0 0 1 1 1 1 2 6  1.323  2.262  3.509
448 0 1 2 4 0 0 1 1 112 1 0 0 4.99 0 0 2 0 1 1 1 2 5  1.047  1.914  2.975
449 1 0 0 2 0 0 0 0 112 1 0 0 2.85 0 0 0 1 1 2 2 2 6  1.838  2.723  3.826
450 1 1 5 4 1 1 1 2 112 1 0 1 5.79 0 0 3 0 1 1 2 2 6  1.470  2.451  3.635
451 0 0 0 0 0 0 0 0 113 1 0 1 2.72 0 0 0 1 1 2 3 3 6  2.164  3.084  4.095
452 0 1 0 2 1 0 0 0 113 1 0 1 2.72 0 0 0 0 1 1 3 3 6  1.732  2.776  3.890
453 0 0 0 0 0 0 0 0 113 1 0 1 2.72 0 0 0 0 0 1 2 3 5  1.374  2.376  3.337
454 1 0 0 -2 1 0 0 0 113 1 0 1 2.72 0 0 0 0 0 0 2 3 5  1.099  2.139  3.170
455 1 1 0 -1 1 0 0 0 113 1 0 1 3.40 0 0 0 0 0 0 1 3 4  0.868  1.803  2.653
456 0 0 1 0 0 0 1 1 114 1 0 1 3.23 0 0 1 0 0 0 1 3 4  0.694  1.623  2.520
457 0 0 0 0 0 0 0 0 114 1 0 1 3.23 0 0 0 1 1 1 1 3 5  1.555  2.461  3.394
458 0 1 0 2 1 0 0 0 114 1 0 1 3.23 0 0 0 0 1 1 1 3 5  1.244  2.215  3.225
459 0 1 5 2 1 1 1 2 114 1 0 0 4.99 0 0 3 0 0 1 1 2 4  0.984  1.872  2.705
460 1 0 1 2 1 0 1 1 114 1 0 1 2.76 0 0 1 1 1 1 2 3 5  1.787  2.684  3.570
461 1 1 1 3 1 1 1 1 114 1 0 0 2.85 0 0 1 1 2 2 3 3 6  2.430  3.416  4.391
462 0 0 0 0 0 0 0 0 115 0 0 1 3.69 0 0 0 1 2 3 4 4 7  2.944  4.074  5.172
463 0 0 0 -2 1 1 0 0 115 0 0 1 3.69 0 0 0 0 1 2 3 4 7  2.355  3.667  4.913
464 0 0 5 -3 1 1 1 2 115 0 0 1 3.69 0 0 3 0 0 1 3 4 7  1.884  3.300  4.667
465 1 1 0 -6 1 0 0 0 115 0 0 1 3.69 0 0 0 1 1 1 4 5 8  2.507  3.970  5.434
466 0 0 1 0 0 0 1 1 116 1 0 1 4.47 0 0 1 0 1 1 3 5 8  2.006  3.573  5.162
467 0 0 1 0 0 0 1 1 116 1 0 1 4.47 0 0 1 1 1 2 3 5 8  2.593  4.094  5.546
468 0 1 0 0 0 0 0 0 116 1 0 1 4.47 0 0 0 1 2 2 3 6 9  3.074  4.685  6.268
469 1 0 0 -1 0 0 0 0 116 1 0 0 4.43 0 0 0 0 1 2 3 6 8  2.448  4.095  5.597
470 1 1 0 0 1 1 0 0 116 1 0 1 3.75 0 0 0 0 0 1 3 5 8  1.958  3.685  5.317
471 0 0 4 0 0 0 1 1 117 1 0 1 2.36 0 0 2 0 0 0 2 4 7  1.555  3.195  4.692
472 0 1 1 3 1 1 1 1 117 1 0 1 2.36 0 0 1 1 1 1 3 4 8  2.244  3.876  5.458
473 0 0 0 1 0 0 0 0 117 1 0 1 2.36 0 0 0 1 2 2 3 5 9  2.795  4.488  6.185
474 0 1 4 1 1 1 1 1 117 1 0 1 6.00 0 0 2 0 1 2 2 5 9  2.236  4.039  5.876
475 1 0 1 4 1 1 1 1 117 1 0 1 3.60 0 0 1 1 1 2 3 5 10  2.789  4.635  6.582
476 1 1 0 6 1 1 0 0 117 1 0 0 4.43 0 0 0 1 2 2 4 6 11  3.231  5.172  7.253
477 0 0 2 0 0 0 1 1 118 0 0 1 6.10 0 0 2 0 1 2 4 5 10  2.573  4.533  6.532
478 0 0 1 2 0 0 1 1 118 0 0 1 6.10 0 0 1 1 1 2 4 5 11  3.059  5.080  7.205
479 0 0 0 4 0 0 0 0 118 0 0 1 6.00 0 0 0 1 2 2 4 6 12  3.447  5.572  7.845
480 0 0 1 6 0 0 1 1 118 0 0 0 4.43 0 0 1 0 1 2 4 6 11  2.746  4.893  7.094
481 1 1 0 1 1 0 0 0 118 0 0 1 3.60 0 0 0 1 1 2 4 7 11  3.185  5.282  7.381
482 0 0 0 0 0 0 0 0 119 1 1 1 5.48 0 0 0 0 1 1 3 6 10  2.537  4.632  6.653
483 0 1 0 0 1 1 0 0 119 1 1 1 5.48 0 0 0 0 0 1 3 5 10  2.029  4.169  6.321
484 0 1 0 -3 1 1 0 0 119 1 1 0 5.01 0 0 0 0 0 0 2 5 10  1.624  3.752  6.005
485 0 1 0 -2 1 1 0 0 119 1 1 1 3.47 0 0 0 0 0 0 1 4 9  1.287  3.255  5.346
486 1 0 0 1 0 0 0 0 119 1 1 1 3.47 0 0 0 0 0 0 1 3 9  1.030  2.930  5.079
487 0 0 1 0 0 0 1 1 120 1 1 1 3.69 0 0 1 0 0 0 0 3 8  0.812  2.515  4.466
488 0 0 0 0 0 0 0 0 120 1 1 1 3.69 0 0 0 1 1 1 1 3 8  1.638  3.142  4.884
489 0 1 1 0 1 1 1 1 120 1 1 1 3.69 0 0 1 0 1 1 1 2 8  1.311  2.828  4.640
490 1 1 5 -1 0 0 1 2 120 1 1 1 2.99 0 0 3 1 1 2 2 3 9  2.049  3.545  5.408
491 0 0 0 0 0 0 0 0 122 1 1 1 3.84 0 0 0 1 2 2 3 3 10  2.639  4.191  6.138
492 0 0 5 0 1 0 1 2 122 1 1 1 3.84 0 0 3 0 1 2 3 3 9  2.100  3.650  5.472
493 0 1 5 2 0 0 1 2 122 1 1 1 3.84 0 0 3 1 1 2 4 4 9  2.668  4.163  5.840
494 1 0 0 3 0 0 0 0 122 1 1 1 3.84 0 0 0 1 2 2 4 5 10  3.134  4.747  6.548
495 0 0 0 0 0 0 0 0 123 0 1 1 3.52 0 0 0 0 1 2 4 5 9  2.496  4.151  5.862
496 0 0 0 1 0 0 0 0 123 0 1 1 3.52 0 0 0 0 0 1 3 5 8  1.985  3.614  5.211
497 0 1 1 1 1 0 1 1 123 0 1 1 3.52 0 0 1 0 0 0 2 5 8  1.588  3.253  4.950
498 1 0 0 -1 1 1 0 0 123 0 1 0 2.26 0 0 0 1 1 1 3 5 8  2.259  3.806  5.344
499 1 0 0 0 0 0 0 0 124 0 1 1 2.94 0 0 0 0 1 1 2 5 7  1.796  3.304  4.719
500 1 1 0 0 1 1 0 0 124 0 1 0 2.26 0 0 0 0 0 1 1 4 7  1.437  2.973  4.483
501 0 0 5 0 0 0 1 2 125 1 1 0 2.73 0 0 3 0 0 0 1 3 6  1.138  2.554  3.900
502 0 0 0 1 1 0 0 0 125 1 1 0 2.73 0 0 0 1 1 1 2 4 7  1.910  3.299  4.705
503 0 0 0 1 0 0 0 0 125 1 1 0 2.73 0 0 0 0 1 1 2 3 7  1.528  2.969  4.470
504 1 1 0 2 0 0 0 0 125 1 1 0 2.73 0 0 0 0 0 1 1 2 7  1.223  2.672  4.246
505 0 0 0 0 0 0 0 0 126 1 1 0 3.96 0 0 0 0 0 0 1 2 7  0.978  2.405  4.034
506 0 0 0 0 0 0 0 0 126 1 1 0 3.96 0 0 0 0 0 0 1 2 7  0.782  2.164  3.832
507 0 1 0 0 0 0 0 0 126 1 1 0 3.96 0 0 0 0 0 0 1 2 7  0.626  1.948  3.641
508 1 0 5 -2 1 1 1 2 126 1 1 0 3.08 0 0 3 0 0 0 0 1 6  0.489  1.632  3.100
509 0 0 0 2 0 0 0 0 127 1 1 0 3.41 0 0 0 1 1 1 1 2 7  1.391  2.468  3.945
510 0 1 0 3 0 0 0 0 127 1 1 0 3.41 0 0 0 0 1 1 1 2 6  1.102  2.100  3.389
511 0 0 1 5 1 1 1 1 127 1 1 0 3.41 0 0 1 0 0 1 1 2 5  0.870  1.768  2.861
512 1 0 0 5 0 0 0 0 127 1 1 0 3.41 0 0 0 1 1 1 2 2 6  1.696  2.592  3.718
513 0 0 1 0 0 0 1 1 129 1 0 1 2.92 0 0 1 0 1 1 2 2 5  1.345  2.211  3.174
514 0 1 0 1 1 1 0 0 129 1 0 0 3.18 0 0 0 1 1 2 3 3 5  2.065  2.868  3.657
515 0 0 0 -1 0 0 0 0 129 1 0 0 3.18 0 0 0 0 1 1 2 3 5  1.652  2.581  3.474
516 1 1 0 -1 1 1 0 0 129 1 0 0 2.26 0 0 0 0 0 1 2 3 5  1.321  2.323  3.300
517 0 0 4 0 0 0 1 1 130 0 0 1 3.84 0 0 2 0 0 0 2 3 5  1.057  2.091  3.135
518 0 1 0 0 0 0 0 0 130 0 0 1 3.84 0 0 0 1 1 1 2 4 5  1.834  2.760  3.620
519 0 1 0 0 1 1 0 0 130 0 0 1 3.84 0 0 0 0 1 1 2 3 5  1.467  2.484  3.439
520 1 0 0 -1 1 1 0 0 130 0 0 0 2.26 0 0 0 0 0 1 1 3 5  1.174  2.236  3.267
521 0 0 5 0 0 0 1 2 131 1 0 1 2.76 0 0 3 0 0 0 1 3 5  0.939  2.012  3.104
522 0 0 1 4 0 0 1 1 131 1 0 1 1.82 0 0 1 1 1 1 2 3 5  1.740  2.689  3.590
523 0 1 5 5 0 0 1 2 131 1 0 1 1.82 0 0 3 1 2 2 3 4 6  2.392  3.420  4.411
524 0 1 0 5 0 0 0 0 131 1 0 0 4.20 0 0 0 1 2 3 3 4 7  2.913  4.078  5.190
525 1 0 0 5 1 1 0 0 131 1 0 0 3.08 0 0 0 0 1 2 3 4 7  2.331  3.671  4.930
526 0 0 0 0 0 0 0 0 133 1 0 0 3.96 0 0 0 0 0 1 3 4 7  1.865  3.304  4.684
527 0 1 0 -1 1 1 0 0 133 1 0 0 3.96 0 0 0 0 0 0 3 4 7  1.492  2.973  4.450
528 0 1 0 -1 1 0 0 0 133 1 0 0 3.96 0 0 0 0 0 0 2 3 7  1.193  2.676  4.227
529 0 0 0 0 0 0 0 0 133 1 0 0 3.96 0 0 0 0 0 0 1 3 6  0.943  2.287  3.657
530 1 0 0 -3 0 0 0 0 133 1 0 0 1.57 0 0 0 0 0 0 0 3 6  0.755  2.058  3.475
531 0 0 1 0 0 0 1 1 134 1 0 0 4.56 1 0 1 0 0 0 0 3 6  0.604  1.852  3.301
532 0 0 0 0 1 0 0 0 134 1 0 0 4.56 1 0 0 1 1 1 1 3 6  1.471  2.545  3.777
533 0 0 0 1 0 0 0 0 134 1 0 0 4.56 1 0 0 0 1 1 1 2 6  1.177  2.291  3.588
534 1 0 0 1 0 0 0 0 134 1 0 0 3.06 1 0 0 0 0 1 1 1 5  0.930  1.940  3.051
535 0 0 1 0 0 0 1 1 135 0 1 1 2.22 0 0 1 0 0 0 1 1 5  0.744  1.746  2.898
536 0 0 0 -1 0 0 0 0 135 0 1 1 2.22 0 0 0 1 1 1 2 2 6  1.595  2.572  3.753
537 0 0 0 0 1 1 0 0 135 0 1 1 2.22 0 0 0 0 1 1 2 2 6  1.276  2.314  3.565
538 1 0 0 0 1 0 0 0 135 0 1 1 2.22 0 0 0 0 0 1 1 2 5  1.009  1.961  3.029
539 1 0 0 2 1 0 0 0 135 0 1 0 1.72 0 0 0 0 0 0 1 2 5  0.808  1.765  2.877
540 0 0 0 0 0 0 0 0 137 1 1 1 3.00 0 0 0 0 0 0 1 2 5  0.646  1.589  2.733
541 0 0 0 -4 1 0 0 0 137 1 1 1 3.00 0 0 0 0 0 0 1 2 5  0.517  1.430  2.597
542 0 1 1 -4 1 1 1 1 137 1 1 1 3.00 0 0 1 0 0 0 0 1 4  0.402  1.165  2.108
543 1 0 0 -1 0 0 0 0 137 1 1 1 2.76 0 0 0 1 1 1 1 2 4  1.310  1.927  2.644
544 0 0 4 3 0 0 1 1 138 1 1 1 2.44 0 0 2 0 1 1 1 2 3  1.036  1.613  2.154
545 0 0 0 1 0 0 0 0 138 1 1 1 2.44 0 0 0 1 1 2 2 3 4  1.829  2.452  3.046
546 0 1 0 1 0 0 0 0 138 1 1 1 2.44 0 0 0 0 1 1 2 2 4  1.463  2.206  2.894
547 1 0 5 1 0 0 1 2 138 1 1 0 2.85 0 0 3 0 0 1 2 2 4  1.171  1.986  2.749
548 0 0 5 0 0 0 1 2 139 1 1 1 7.94 0 0 3 1 1 1 3 3 5  1.937  2.787  3.612
549 0 0 6 -1 1 1 1 2 139 1 1 1 7.94 0 0 3 1 2 2 3 4 6  2.549  3.508  4.431
550 0 1 0 -2 1 1 0 0 139 1 1 1 7.94 0 0 0 1 2 3 4 5 7  3.039  4.158  5.210
551 0 0 1 -3 1 0 1 1 139 1 1 1 3.76 0 0 1 0 1 2 3 5 7  2.432  3.742  4.949
552 1 0 0 -3 1 1 0 0 139 1 1 0 4.43 0 0 0 1 1 2 4 6 7  2.934  4.246  5.343
553 0 0 0 0 0 0 0 0 140 1 1 0 4.18 0 0 0 0 1 1 4 5 7  2.347  3.822  5.076
554 0 1 2 -2 1 1 1 1 140 1 1 0 4.18 0 0 2 0 0 1 3 5 7  1.878  3.439  4.822
555 0 0 5 -2 1 0 1 2 140 1 1 0 4.18 0 0 3 1 1 1 3 5 8  2.502  4.095  5.581
556 1 0 1 -2 0 0 1 1 140 1 1 0 4.18 0 0 1 1 2 2 3 6 8  2.990  4.564  5.943
557 1 1 0 -4 1 1 0 0 140 1 1 1 2.36 0 0 0 1 2 3 4 7 9  3.392  5.108  6.646
558 0 0 0 0 0 0 0 0 141 0 1 1 6.10 0 0 0 0 1 2 3 6 9  2.714  4.597  6.314
559 0 1 1 1 0 0 1 1 141 0 1 1 6.10 0 0 1 0 0 1 3 5 9  2.171  4.137  5.998
560 0 0 5 4 1 0 1 2 141 0 1 1 6.10 0 0 3 1 1 1 4 5 10  2.737  4.724  6.698
561 1 0 5 3 1 0 1 2 141 0 1 1 6.10 0 0 3 1 2 2 4 6 11  3.189  5.251  7.363
562 1 1 1 3 0 0 1 1 141 0 1 1 3.75 0 0 1 1 2 3 4 6 12  3.552  5.726  7.995
563 0 0 1 0 0 0 1 1 142 1 0 1 3.25 1 0 1 1 2 3 4 7 12  3.830  6.032  8.237
564 0 1 5 1 1 0 1 2 142 1 0 1 3.25 1 0 3 1 2 3 5 8 13  4.064  6.429  8.825
565 0 0 0 1 0 0 0 0 142 1 0 1 3.25 1 0 0 1 2 3 6 8 13  4.239  6.664  9.025
566 1 0 0 0 0 0 0 0 142 1 0 1 3.25 1 0 0 0 1 2 5 7 13  3.392  5.998  8.574
567 1 1 0 0 1 0 0 0 142 1 0 0 1.72 1 0 0 0 0 1 4 6 13  2.713  5.398  8.145
568 0 0 0 0 0 0 0 0 143 1 0 1 3.19 1 0 0 0 0 0 3 6 12  2.159  4.737  7.380
569 0 1 0 0 0 0 0 0 143 1 0 1 3.19 1 0 0 0 0 0 2 6 11  1.716  4.141  6.652
570 0 0 0 1 0 0 0 0 143 1 0 1 3.19 1 0 0 0 0 0 1 5 10  1.361  3.606  5.961
571 1 1 0 1 1 0 0 0 143 1 0 0 1.72 1 0 0 0 0 0 0 4 10  1.089  3.245  5.663
572 0 0 0 0 0 0 0 0 144 1 0 1 3.23 0 0 0 0 0 0 0 3 9  0.860  2.799  5.021
573 0 1 1 -1 1 1 1 1 144 1 0 1 3.23 0 0 1 0 0 0 0 2 9  0.688  2.519  4.770
574 0 0 0 0 0 0 0 0 144 1 0 1 3.23 0 0 0 1 1 1 1 2 10  1.550  3.267  5.532
575 1 0 0 0 0 0 0 0 144 1 0 1 3.23 0 0 0 0 1 1 1 1 9  1.229  2.819  4.897
576 1 0 1 0 0 0 1 1 144 1 0 0 2.85 0 0 1 0 0 1 1 1 8  0.971  2.415  4.293
577 1 0 0 0 0 0 0 0 144 1 0 1 3.40 0 0 0 1 1 1 2 2 8  1.766  3.052  4.720
578 0 0 0 0 0 0 0 0 146 1 0 1 6.10 0 0 0 0 1 1 2 2 8  1.412  2.747  4.484
579 0 0 5 -2 0 0 1 2 146 1 0 1 6.10 0 0 3 0 0 1 2 2 8  1.130  2.472  4.260
580 0 1 5 2 0 0 1 2 146 1 0 1 8.31 0 0 3 1 1 1 2 3 8  1.892  3.104  4.689
581 1 0 5 0 0 0 1 2 146 1 0 1 2.36 0 0 3 1 2 2 3 4 8  2.502  3.672  5.096
582 1 0 0 1 0 0 0 0 146 1 0 1 3.75 0 0 0 1 2 3 4 5 8  2.990  4.183  5.482
583 0 0 0 0 0 0 0 0 147 1 0 0 4.29 0 0 0 0 1 2 3 5 7  2.381  3.643  4.850
584 0 1 0 0 1 0 0 0 147 1 0 0 4.29 0 0 0 0 0 1 3 4 6  1.893  3.157  4.249
585 0 1 0 2 0 0 0 0 147 1 0 0 4.29 0 0 0 0 0 0 3 4 5  1.503  2.720  3.678
586 1 0 5 1 1 1 1 2 147 1 0 1 3.60 0 0 3 0 0 0 2 4 5  1.202  2.448  3.494
587 1 0 2 3 1 1 1 1 147 1 0 1 2.76 0 0 2 1 1 1 2 4 6  1.962  3.203  4.319
588 0 0 0 0 0 0 0 0 148 0 0 1 3.69 0 0 0 1 2 2 2 5 7  2.570  3.883  5.103
589 0 0 0 -1 1 0 0 0 148 0 0 1 3.69 0 0 0 0 1 2 2 5 7  2.056  3.495  4.848
590 0 0 0 -2 0 0 0 0 148 0 0 1 3.69 0 0 0 0 0 1 2 4 7  1.644  3.145  4.606
591 0 0 5 0 0 0 1 2 148 0 0 1 3.69 0 0 3 0 0 0 2 3 7  1.316  2.831  4.375
592 1 0 5 0 1 1 1 2 148 0 0 0 4.43 0 0 3 1 1 1 3 3 8  2.052  3.547  5.157
593 1 1 0 0 1 0 0 0 148 0 0 1 3.75 0 0 0 1 2 2 3 4 9  2.642  4.193  5.899
594 0 0 0 0 0 0 0 0 150 1 0 1 2.92 0 0 0 0 1 2 2 4 8  2.102  3.652  5.245
595 0 0 0 0 0 0 0 0 150 1 0 1 2.92 0 0 0 0 0 1 2 4 8  1.682  3.287  4.983
596 0 1 0 -1 1 1 0 0 150 1 0 1 2.92 0 0 0 0 0 0 2 4 8  1.345  2.958  4.734
597 1 0 5 1 1 1 1 2 150 1 0 1 2.92 0 0 3 0 0 0 2 3 7  1.065  2.541  4.139
598 0 0 1 0 0 0 1 1 151 1 0 1 3.67 0 0 1 1 1 1 2 3 8  1.852  3.287  4.932
599 0 1 0 2 1 1 0 0 151 1 0 1 3.67 0 0 0 1 2 2 2 4 9  2.481  3.958  5.685
600 0 0 0 2 1 1 0 0 151 1 0 1 3.67 0 0 0 0 1 2 2 4 8  1.974  3.441  5.043
601 1 0 1 2 0 0 1 1 151 1 0 1 3.67 0 0 1 0 0 1 2 4 7  1.567  2.975  4.432
602 1 0 0 5 0 0 0 0 151 1 0 0 6.40 0 0 0 1 1 1 3 4 7  2.242  3.556  4.852
603 0 0 0 0 0 0 0 0 152 1 1 1 3.18 0 0 0 0 1 1 3 3 7  1.794  3.200  4.609
604 0 1 1 2 0 0 1 1 152 1 1 1 3.18 0 0 1 0 0 1 2 3 7  1.435  2.880  4.379
605 0 0 0 1 0 0 0 0 152 1 1 1 3.18 0 0 0 1 1 1 2 4 8  2.148  3.592  5.160
606 1 0 0 1 0 0 0 0 152 1 1 1 3.18 0 0 0 0 1 1 2 4 8  1.718  3.233  4.902
607 1 1 4 1 0 0 1 1 152 1 1 0 3.48 0 0 2 0 0 1 2 4 7  1.363  2.788  4.298
608 0 0 0 0 0 0 0 0 153 1 1 1 3.35 0 0 0 1 1 1 2 4 7  2.079  3.388  4.725
609 0 0 0 -1 0 0 0 0 153 1 1 1 3.35 0 0 0 0 1 1 2 3 7  1.663  3.049  4.489
610 0 0 5 -1 0 0 1 2 153 1 1 1 3.35 0 0 3 0 0 1 2 3 7  1.331  2.744  4.264
611 1 1 0 0 0 0 0 0 153 1 1 1 4.33 0 0 0 1 1 1 2 4 8  2.064  3.470  5.051
612 1 1 0 1 1 0 0 0 153 1 1 0 4.98 0 0 0 0 1 1 2 3 7  1.640  3.001  4.440
613 0 0 0 -1 1 1 0 0 154 0 1 1 4.15 0 0 0 0 0 1 2 3 6  1.301  2.579  3.859
614 0 0 0 4 0 0 0 0 155 1 1 1 3.67 0 0 0 0 0 0 1 3 6  1.040  2.321  3.666
