1 0 0 5 -1 1 0 1 2 1 0 0 1 3.83 1 0 3 . . . . . . . . .
2 0 0 0 0 1 0 0 0 1 0 0 1 3.83 1 0 0 1 . . . . . . . .
3 0 1 5 2 0 0 1 2 1 0 0 1 3.83 1 0 3 0 1 . . . . . . .
4 1 0 5 3 0 0 1 2 1 0 0 0 3.66 1 0 3 1 1 2 . . . . . .
5 1 0 1 6 1 0 1 1 1 0 0 1 3.20 1 0 1 1 2 2 . . . . . .
6 1 1 0 9 0 0 0 0 1 0 0 1 2.39 1 0 0 1 2 3 . . . . . .
7 0 0 0 0 0 0 0 0 2 0 0 0 2.67 1 0 0 0 1 2 4 . . . . .
8 0 1 0 -2 1 1 0 0 2 0 0 0 2.67 1 0 0 0 0 1 3 . . . . .
9 0 0 0 -2 1 0 0 0 2 0 0 0 2.67 1 0 0 0 0 0 3 . . . . .
10 1 1 0 -3 1 1 0 0 2 0 0 0 2.53 1 0 0 0 0 0 2 . . . . .
11 0 0 0 0 0 0 0 0 3 0 0 0 3.46 1 0 0 0 0 0 1 4 . . . .
12 0 1 1 0 1 1 1 1 3 0 0 0 3.46 1 0 1 0 0 0 0 3 . . . .
13 0 0 0 2 0 0 0 0 3 0 0 0 3.46 1 0 0 1 1 1 1 4 . . . .
14 1 0 2 3 1 0 1 1 3 0 0 0 5.63 1 0 2 0 1 1 1 3 . . . .
15 1 0 0 4 1 0 0 0 3 0 0 1 2.47 1 0 0 1 1 2 2 3 . . . .
16 0 0 1 0 0 0 1 1 4 1 1 1 3.46 0 0 1 0 1 1 2 2 . . . .
17 0 1 0 0 0 0 0 0 4 1 1 1 3.46 0 0 0 1 1 2 3 3 . . . .
18 1 1 1 2 0 0 1 1 4 1 1 1 3.46 0 0 1 0 1 1 3 3 . . . .
19 0 0 0 0 0 0 0 0 5 0 1 1 3.26 0 0 0 1 1 2 3 4 . . . .
20 0 0 6 3 1 1 1 2 5 0 1 1 3.26 0 0 3 0 1 1 3 4 . . . .
21 0 1 0 3 0 0 0 0 5 0 1 1 3.26 0 0 0 1 1 2 3 5 9  2.580  4.121  5.814
22 1 0 0 3 1 0 0 0 5 0 1 0 3.93 0 0 0 0 1 1 3 5 8  2.052  3.587  5.165
23 1 0 0 0 0 0 0 0 6 0 1 1 4.62 0 0 0 0 0 1 2 4 8  1.642  3.229  4.907
24 0 0 0 2 0 0 0 0 7 1 1 1 4.43 0 0 0 0 0 0 2 4 7  1.302  2.784  4.303
25 0 0 0 2 0 0 0 0 7 1 1 1 4.43 0 0 0 0 0 0 1 3 6  1.030  2.384  3.729
26 0 1 0 2 1 1 0 0 7 1 1 0 4.56 0 0 0 0 0 0 1 3 5  0.812  2.024  3.185
27 1 1 0 4 1 1 0 0 7 1 1 0 3.56 0 0 0 0 0 0 0 2 5  0.650  1.822  3.025
28 0 0 5 0 0 0 1 2 8 1 1 0 5.33 0 0 3 0 0 0 0 2 5  0.520  1.640  2.874
29 0 0 3 0 0 0 1 1 8 1 1 0 5.33 0 0 2 1 1 1 1 2 6  1.416  2.476  3.730
30 0 0 0 -6 0 0 0 0 8 1 1 1 4.50 0 0 0 1 2 2 2 3 7  2.133  3.228  4.544
31 0 1 0 -6 0 0 0 0 8 1 1 1 4.50 0 0 0 0 1 2 2 2 7  1.706  2.905  4.317
32 0 0 0 1 0 0 0 0 9 1 1 0 2.40 0 0 0 0 0 1 2 2 7  1.365  2.615  4.101
33 0 0 0 1 1 0 0 0 9 1 1 0 2.40 0 0 0 0 0 0 2 2 6  1.080  2.232  3.537
34 0 1 0 1 1 1 0 0 9 1 1 0 2.40 0 0 0 0 0 0 2 2 6  0.864  2.009  3.360
35 1 0 0 3 0 0 0 0 9 1 1 0 3.56 0 0 0 0 0 0 1 2 5  0.680  1.686  2.834
36 0 0 0 -1 0 0 0 0 10 1 0 0 3.59 0 0 0 0 0 0 0 2 5  0.544  1.517  2.692
37 0 0 0 -1 0 0 0 0 10 1 0 0 3.59 0 0 0 0 0 0 0 2 4  0.424  1.244  2.199
38 0 0 2 -1 0 0 1 1 10 1 0 0 3.59 0 0 2 0 0 0 0 2 4  0.339  1.120  2.089
39 1 0 4 1 1 0 1 1 10 1 0 0 4.56 0 0 2 1 1 1 1 2 4  1.260  1.886  2.626
40 0 0 0 0 0 0 0 0 11 0 0 1 4.93 1 0 0 1 2 2 2 2 5  2.008  2.698  3.495
41 0 0 0 3 0 0 0 0 11 0 0 1 4.93 1 0 0 0 1 2 2 2 4  1.595  2.306  2.962
42 0 0 0 2 0 0 0 0 11 0 0 0 7.20 1 0 0 0 0 1 2 2 4  1.276  2.076  2.814
43 0 0 1 4 1 1 1 1 11 0 0 1 4.79 1 0 1 0 0 0 2 2 4  1.021  1.868  2.673
44 0 0 0 0 0 0 0 0 12 1 0 0 4.79 1 0 0 1 1 1 3 3 5  1.816  2.681  3.539
45 0 0 0 1 0 0 0 0 12 1 0 0 4.79 1 0 0 0 1 1 2 3 5  1.453  2.413  3.362
46 0 0 5 2 0 0 1 2 12 1 0 0 4.79 1 0 3 0 0 1 1 3 5  1.163  2.172  3.194
47 0 1 0 4 0 0 0 0 12 1 0 0 2.80 1 0 0 1 1 1 2 4 6  1.930  2.955  4.034
48 1 1 0 1 0 0 0 0 12 1 0 0 3.93 1 0 0 0 1 1 2 4 6  1.544  2.659  3.833
49 0 0 0 0 0 0 0 0 13 0 0 1 6.53 1 0 0 0 0 1 2 3 5  1.224  2.272  3.283
50 0 0 5 2 1 1 1 2 13 0 0 1 6.53 1 0 3 0 0 0 1 2 4  0.967  1.923  2.760
51 1 0 0 0 0 0 0 0 16 1 0 1 1.56 1 0 0 1 1 1 2 3 5  1.774  2.731  3.622
52 0 0 5 0 0 0 1 2 17 0 0 1 3.94 1 0 3 0 1 1 2 3 5  1.419  2.458  3.441
53 0 0 0 0 0 0 0 0 17 0 0 1 3.94 1 0 0 1 1 2 2 4 6  2.135  3.212  4.269
54 0 1 2 0 0 0 1 1 17 0 0 1 3.94 1 0 2 0 1 1 2 3 6  1.708  2.891  4.055
55 1 1 0 0 0 0 0 0 17 0 0 1 3.94 1 0 0 1 1 2 3 4 7  2.367  3.602  4.853
56 1 1 0 1 0 0 0 0 17 0 0 1 1.56 1 0 0 0 1 1 3 4 7  1.893  3.241  4.610
57 0 0 4 0 0 0 1 1 18 1 0 1 5.76 1 0 2 0 0 1 2 3 7  1.515  2.917  4.380
58 0 0 2 2 0 0 1 1 18 1 0 1 5.76 1 0 2 1 1 1 3 4 8  2.212  3.626  5.161
59 0 1 1 4 0 0 1 1 18 1 0 0 4.15 1 0 1 1 2 2 3 5 8  2.758  4.141  5.544
60 1 0 0 2 0 0 0 0 18 1 0 1 4.73 1 0 0 1 2 3 4 6 8  3.195  4.606  5.908
61 1 1 4 4 0 0 1 1 18 1 0 1 11.12 1 0 2 0 1 2 3 5 8  2.556  4.145  5.613
62 0 1 1 1 1 0 1 1 19 1 0 1 3.60 1 0 1 1 1 2 4 6 9  3.045  4.731  6.332
63 0 0 0 2 1 1 0 0 19 1 0 1 3.60 1 0 0 1 2 2 5 6 10  3.436  5.258  7.016
64 0 0 1 3 0 0 1 1 19 1 0 0 4.15 1 0 1 0 1 2 4 6 9  2.737  4.610  6.306
65 1 1 1 1 1 0 1 1 19 1 0 1 2.30 1 0 1 1 1 2 4 6 10  3.190  5.149  6.991
66 0 0 0 0 0 0 0 0 20 0 0 0 4.51 1 0 0 1 2 2 4 7 11  3.552  5.634  7.642
67 0 0 1 -1 0 0 1 1 20 0 0 0 4.51 1 0 1 0 1 2 4 7 10  2.830  4.949  6.901
68 0 1 4 0 1 1 1 1 20 0 0 0 4.51 1 0 2 1 1 2 4 7 11  3.264  5.454  7.556
69 0 1 5 4 1 1 1 2 20 0 0 1 4.73 1 0 3 1 2 2 4 7 12  3.611  5.909  8.178
70 1 0 5 7 0 0 1 2 20 0 0 1 4.41 1 0 3 1 2 3 5 7 13  3.889  6.318  8.769
71 0 0 0 -1 0 0 0 0 21 1 0 1 4.00 1 0 0 1 2 3 5 8 13  4.100  6.565  8.972
72 0 1 0 -2 1 0 0 0 21 1 0 1 4.00 1 0 0 0 1 2 4 7 13  3.280  5.908  8.524
73 1 0 0 -4 1 1 0 0 21 1 0 1 4.00 1 0 0 0 0 1 4 6 12  2.612  5.196  7.739
74 1 1 0 -3 0 0 0 0 21 1 0 1 4.00 1 0 0 0 0 0 3 6 12  2.090  4.676  7.352
75 0 0 0 0 0 0 0 0 23 0 1 1 3.85 0 0 0 0 0 0 2 5 11  1.660  4.087  6.626
76 0 0 5 2 1 0 1 2 23 0 1 1 3.85 0 0 3 0 0 0 1 4 11  1.328  3.678  6.295
77 0 0 0 -3 0 0 0 0 23 0 1 0 4.53 0 0 0 1 1 1 1 5 12  2.063  4.310  6.980
78 1 1 1 -3 0 0 1 1 23 0 1 0 4.23 0 0 1 0 1 1 1 4 11  1.639  3.758  6.272
79 0 0 1 0 0 0 1 1 24 0 1 0 5.31 0 0 1 1 1 2 2 4 11  2.299  4.260  6.600
80 0 0 5 0 1 0 1 2 24 0 1 0 5.31 0 0 3 1 2 2 3 4 11  2.828  4.713  6.912
81 0 0 0 -1 0 0 0 0 24 0 1 0 5.31 0 0 0 1 2 3 4 4 12  3.262  5.242  7.566
82 1 0 0 -2 0 0 0 0 24 0 1 0 5.31 0 0 0 0 1 2 4 4 11  2.598  4.596  6.829
83 1 1 5 -3 0 0 1 2 24 0 1 1 6.62 0 0 3 0 0 1 3 4 10  2.067  4.015  6.129
84 0 0 4 0 0 0 1 1 25 0 1 0 3.14 0 0 2 1 1 1 4 5 11  2.654  4.613  6.823
85 0 0 0 -4 0 0 0 0 25 0 1 0 3.14 0 0 0 1 2 2 4 6 11  3.111  5.030  7.123
86 0 1 5 -3 1 1 1 2 25 0 1 0 3.14 0 0 3 0 1 2 3 6 10  2.478  4.406  6.409
87 1 0 0 -3 0 0 0 0 25 0 1 0 3.14 0 0 0 1 1 2 3 6 11  2.982  4.965  7.088
88 0 1 1 2 1 1 1 1 26 0 1 1 5.76 0 0 1 0 1 1 3 6 10  2.374  4.347  6.375
89 0 0 3 -2 0 0 1 1 26 0 1 0 4.15 0 0 2 1 1 2 4 6 10  2.888  4.791  6.698
90 0 1 0 -5 1 1 0 0 26 0 1 0 4.15 0 0 0 1 2 2 4 6 10  3.299  5.190  7.005
91 0 1 0 -7 1 0 0 0 26 0 1 1 4.73 0 0 0 0 1 2 3 5 9  2.627  4.550  6.296
92 1 1 0 -8 1 0 0 0 26 0 1 1 2.30 0 0 0 0 0 1 3 5 9  2.102  4.095  5.981
93 0 1 1 0 1 1 1 1 27 1 1 1 3.42 0 0 1 0 0 0 2 5 9  1.682  3.685  5.682
94 0 1 0 -1 0 0 0 0 27 1 1 1 3.42 0 0 0 1 1 1 3 5 10  2.345  4.317  6.398
95 0 0 1 -2 1 1 1 1 27 1 1 0 3.86 0 0 1 0 1 1 2 4 10  1.876  3.885  6.078
96 1 0 0 -4 1 0 0 0 27 1 1 1 4.28 0 0 0 1 1 2 2 5 11  2.501  4.496  6.774
97 0 1 0 -1 1 1 0 0 28 1 1 1 2.70 0 0 0 0 1 1 2 4 10  1.989  3.925  6.077
98 0 1 0 -1 0 0 0 0 28 1 1 1 2.70 0 0 0 0 0 1 2 4 10  1.591  3.533  5.773
99 0 1 0 -1 0 0 0 0 28 1 1 1 2.70 0 0 0 0 0 0 2 3 9  1.262  3.058  5.126
100 1 1 1 8 1 1 1 1 28 1 1 0 2.74 0 0 1 0 0 0 1 2 8  0.998  2.630  4.511
101 0 0 1 0 0 0 1 1 29 1 1 0 3.78 0 0 1 1 1 1 2 3 8  1.787  3.246  4.927
102 0 0 0 -2 0 0 0 0 29 1 1 0 3.78 0 0 0 1 2 2 2 4 9  2.429  3.921  5.681
103 0 1 2 -2 1 1 1 1 29 1 1 0 3.78 0 0 2 0 1 2 2 4 9  1.943  3.529  5.397
104 1 0 5 -4 1 1 1 2 29 1 1 1 1.79 0 0 3 1 1 2 3 4 9  2.543  4.055  5.768
105 0 0 0 0 0 0 0 0 30 1 1 1 3.62 0 0 0 1 2 2 4 5 9  3.023  4.528  6.122
106 0 0 2 0 1 1 1 1 30 1 1 1 3.62 0 0 2 0 1 2 4 4 9  2.418  4.075  5.815
107 0 0 0 -2 1 0 0 0 30 1 1 1 3.62 0 0 0 1 1 2 4 5 9  2.923  4.546  6.166
108 1 0 0 -2 0 0 0 0 30 1 1 0 2.20 0 0 0 0 1 1 3 5 9  2.339  4.091  5.858
109 0 0 0 0 0 0 0 0 31 1 1 1 3.82 0 0 0 0 0 1 3 5 8  1.859  3.561  5.207
110 0 0 5 0 0 0 1 2 31 1 1 1 3.82 0 0 3 0 0 0 2 5 7  1.476  3.083  4.588
111 1 0 2 0 0 0 1 1 31 1 1 1 3.82 0 0 2 1 1 1 2 5 8  2.181  3.775  5.358
112 1 1 1 -1 1 1 1 1 31 1 1 0 4.29 0 0 1 1 2 2 3 5 9  2.745  4.397  6.090
113 0 0 5 1 1 1 1 2 32 1 0 1 3.42 0 0 3 1 2 3 3 6 10  3.196  4.957  6.786
114 0 0 0 -2 1 0 0 0 32 1 0 1 3.42 0 0 0 1 2 3 4 6 10  3.545  5.340  7.088
115 0 0 0 -2 1 0 0 0 32 1 0 1 3.42 0 0 0 0 1 2 4 5 10  2.836  4.806  6.734
116 1 0 0 -2 1 0 0 0 32 1 0 0 3.86 0 0 0 0 0 1 4 5 9  2.257  4.204  6.039
117 1 1 0 -2 1 0 0 0 32 1 0 0 2.08 0 0 0 0 0 0 3 4 9  1.806  3.784  5.737
118 0 0 0 -1 1 0 0 0 33 1 0 1 2.70 0 0 0 0 0 0 2 4 9  1.445  3.405  5.450
119 0 0 0 -1 0 0 0 0 33 1 0 1 2.70 0 0 0 0 0 0 1 4 9  1.156  3.065  5.177
120 0 0 0 -1 0 0 0 0 33 1 0 1 2.70 0 0 0 0 0 0 0 4 9  0.925  2.758  4.918
121 1 0 0 -1 1 1 0 0 33 1 0 0 2.74 0 0 0 0 0 0 0 3 8  0.728  2.361  4.314
122 1 0 0 0 1 0 0 0 33 1 0 0 3.86 0 0 0 0 0 0 0 2 7  0.571  2.003  3.740
123 0 0 0 0 0 0 0 0 34 1 0 0 5.31 1 0 0 0 0 0 0 1 7  0.457  1.803  3.553
124 0 0 0 -2 0 0 0 0 34 1 0 0 5.31 1 0 0 0 0 0 0 0 6  0.354  1.501  3.017
125 0 0 2 -2 0 0 1 1 34 1 0 0 5.31 1 0 2 0 0 0 0 0 5  0.272  1.229  2.507
126 1 0 0 -2 1 0 0 0 34 1 0 0 5.31 1 0 0 1 1 1 1 1 6  1.217  2.106  3.382
127 1 1 0 -5 1 1 0 0 34 1 0 0 4.53 1 0 0 0 1 1 1 1 5  0.962  1.774  2.854
128 0 0 0 0 0 0 0 0 35 1 0 1 5.67 1 0 0 0 0 1 1 1 5  0.770  1.597  2.712
129 0 1 1 1 1 1 1 1 35 1 0 1 5.67 1 0 1 0 0 0 1 1 5  0.616  1.437  2.576
130 0 1 1 7 0 0 1 1 35 1 0 0 4.23 1 0 1 1 1 1 2 2 6  1.493  2.293  3.447
131 0 0 0 8 1 1 0 0 35 1 0 1 5.83 1 0 0 1 2 2 3 3 6  2.183  2.942  3.916
132 1 1 0 8 0 0 0 0 35 1 0 1 3.36 1 0 0 0 1 2 2 3 5  1.735  2.527  3.362
133 0 0 4 2 1 1 1 1 37 1 0 1 4.79 1 0 2 0 0 1 2 3 4  1.376  2.152  2.836
134 0 0 0 -5 0 0 0 0 37 1 0 1 4.79 1 0 0 1 1 1 3 4 4  2.089  2.816  3.335
135 0 1 0 -5 0 0 0 0 37 1 0 1 4.79 1 0 0 0 1 1 3 4 4  1.671  2.534  3.169
136 1 0 0 -7 1 0 0 0 37 1 0 0 4.23 1 0 0 0 0 1 2 3 4  1.337  2.281  3.010
137 1 0 0 -4 1 1 0 0 37 1 0 1 6.62 1 0 0 0 0 0 1 3 4  1.070  2.053  2.860
138 0 0 5 0 0 0 1 2 38 1 0 0 3.78 0 0 3 0 0 0 1 3 4  0.856  1.847  2.717
139 0 0 0 0 0 0 0 0 38 1 0 0 3.78 0 0 0 1 1 1 2 4 5  1.685  2.663  3.581
140 0 0 0 2 0 0 0 0 38 1 0 0 3.78 0 0 0 0 1 1 1 3 5  1.348  2.396  3.402
141 1 0 5 1 1 1 1 2 38 1 0 0 3.78 0 0 3 0 0 1 1 2 5  1.078  2.157  3.232
142 1 0 0 0 0 0 0 0 38 1 0 0 4.29 0 0 0 1 1 1 2 3 6  1.863  2.941  4.070
143 0 1 0 0 1 1 0 0 39 1 0 0 2.20 0 0 0 0 1 1 2 3 6  1.490  2.647  3.867
144 0 1 4 0 1 1 1 1 39 1 0 0 2.20 0 0 2 0 0 1 2 2 6  1.192  2.382  3.673
145 0 0 0 6 0 0 0 0 39 1 0 1 6.51 0 0 0 1 1 1 2 3 7  1.954  3.144  4.490
146 1 0 1 6 0 0 1 1 39 1 0 1 4.62 0 0 1 0 1 1 2 3 6  1.551  2.708  3.907
147 0 1 2 0 1 1 1 1 40 1 0 1 3.82 0 0 2 1 1 2 3 4 7  2.241  3.437  4.711
148 0 1 2 1 0 0 1 1 40 1 0 1 3.82 0 0 2 1 2 2 3 5 8  2.793  4.093  5.476
149 0 1 5 2 1 1 1 2 40 1 0 1 3.82 0 0 3 1 2 3 4 5 9  3.234  4.684  6.202
150 1 1 0 1 1 0 0 0 40 1 0 0 4.29 0 0 0 1 2 3 5 6 9  3.576  5.094  6.533
151 0 0 0 3 0 0 0 0 41 1 1 1 3.79 0 0 0 0 1 2 4 6 8  2.849  4.463  5.848
152 0 0 0 3 1 1 0 0 41 1 1 1 3.79 0 0 0 0 0 1 4 5 8  2.279  4.017  5.556
153 0 0 0 6 0 0 0 0 41 1 1 0 4.36 0 0 0 0 0 0 3 5 8  1.823  3.615  5.278
154 1 0 4 3 0 0 1 1 41 1 1 0 3.34 0 0 2 0 0 0 2 5 7  1.447  3.132  4.656
155 1 0 5 1 0 0 1 2 41 1 1 1 4.20 0 0 3 1 1 1 2 5 8  2.158  3.819  5.423
156 0 1 0 -1 1 0 0 0 42 1 1 1 4.15 0 0 0 1 2 2 2 6 9  2.726  4.437  6.152
157 0 0 1 -3 0 0 1 1 42 1 1 1 4.15 0 0 1 0 1 2 2 5 9  2.181  3.993  5.844
158 0 0 2 -3 1 1 1 1 42 1 1 1 4.15 0 0 2 1 1 2 3 5 10  2.745  4.594  6.552
159 0 1 5 -5 1 1 1 2 42 1 1 0 5.55 0 0 3 1 2 2 4 5 10  3.184  5.013  6.866
160 1 0 0 -6 0 0 0 0 42 1 1 1 13.50 0 0 0 1 2 3 5 5 11  3.547  5.512  7.523
161 0 0 0 0 0 0 0 0 43 0 1 1 3.93 0 0 0 0 1 2 4 5 11  2.838  4.961  7.146
162 0 0 4 2 0 0 1 1 43 0 1 1 3.93 0 0 2 0 0 1 3 5 10  2.259  4.343  6.431
163 0 1 5 -1 0 0 1 2 43 0 1 1 3.93 0 0 3 1 1 1 4 6 11  2.807  4.909  7.109
164 1 1 0 -2 0 0 0 0 43 0 1 0 3.34 0 0 0 1 2 2 4 7 12  3.246  5.418  7.754
165 0 0 0 0 0 0 0 0 44 0 1 1 4.00 0 0 0 0 1 2 3 6 11  2.585  4.754  7.007
166 0 1 5 -1 0 0 1 2 44 0 1 1 4.00 0 0 3 0 0 1 2 5 11  2.068  4.279  6.657
167 1 0 0 4 0 0 0 0 44 0 1 1 4.00 0 0 0 1 1 1 3 6 11  2.643  4.729  6.966
168 1 0 0 2 1 0 0 0 44 0 1 0 8.10 0 0 0 0 1 1 3 5 10  2.103  4.135  6.259
169 0 1 4 -1 1 0 1 1 46 0 1 1 2.92 0 0 2 0 0 1 2 4 9  1.671  3.600  5.588
170 0 0 0 -3 1 1 0 0 46 0 1 1 2.92 0 0 0 1 1 1 2 4 9  2.325  4.118  5.950
171 0 0 0 -3 0 0 0 0 46 0 1 1 6.53 0 0 0 0 1 1 2 4 9  1.860  3.706  5.652
172 1 0 1 -2 1 1 1 1 46 0 1 1 2.18 0 0 1 0 0 1 2 4 9  1.488  3.336  5.370
173 0 0 0 0 0 0 0 0 47 1 1 1 4.57 0 0 0 1 1 1 2 4 10  2.190  4.002  6.101
174 0 1 0 3 0 0 0 0 47 1 1 1 4.57 0 0 0 0 1 1 2 3 10  1.752  3.602  5.796
175 1 0 0 4 0 0 0 0 47 1 1 1 4.57 0 0 0 0 0 1 2 3 9  1.390  3.120  5.148
176 1 0 5 3 0 0 1 2 47 1 1 0 5.09 0 0 3 0 0 0 1 3 8  1.101  2.687  4.532
177 0 0 0 1 0 0 0 0 48 1 1 0 2.55 0 0 0 1 1 1 2 3 9  1.881  3.418  5.305
178 0 0 5 0 0 0 1 2 48 1 1 0 2.55 0 0 3 0 1 1 2 3 8  1.493  2.955  4.682
179 0 1 0 0 0 0 0 0 48 1 1 0 2.55 0 0 0 1 1 2 2 4 8  2.183  3.538  5.089
180 1 0 2 0 0 0 1 1 48 1 1 0 5.09 0 0 2 0 1 1 2 3 7  1.735  3.062  4.476
181 0 1 0 -1 1 1 0 0 49 0 1 1 2.95 0 0 0 1 1 2 3 4 8  2.388  3.756  5.252
182 0 0 0 -1 0 0 0 0 49 0 1 1 2.95 0 0 0 0 1 1 3 4 8  1.910  3.380  4.990
183 0 1 1 0 0 0 1 1 49 0 1 1 2.95 0 0 1 0 0 1 2 3 7  1.517  2.921  4.382
184 1 1 5 -1 1 0 1 2 49 0 1 1 2.99 0 0 3 1 1 1 3 4 7  2.202  3.507  4.804
185 0 0 5 0 1 1 1 2 50 1 1 1 3.69 0 0 3 1 2 2 3 5 8  2.761  4.156  5.564
186 0 1 3 -1 1 1 1 1 50 1 1 1 3.69 0 0 2 1 2 3 4 6 9  3.209  4.741  6.286
187 0 1 0 -4 0 0 0 0 50 1 1 1 3.69 0 0 0 1 2 3 4 6 9  3.556  5.145  6.613
188 1 0 0 -5 1 1 0 0 50 1 1 0 3.93 0 0 0 0 1 2 4 6 9  2.845  4.631  6.282
189 0 0 0 -3 1 1 0 0 52 1 1 1 3.46 0 0 0 0 0 1 4 5 9  2.276  4.168  5.968
190 0 0 0 -5 1 0 0 0 52 1 1 1 4.55 0 0 0 0 0 0 3 5 8  1.809  3.629  5.311
191 0 0 0 -5 0 0 0 0 52 1 1 1 4.55 0 0 0 0 0 0 2 4 8  1.447  3.266  5.046
192 0 0 2 0 1 0 1 1 53 1 0 1 3.83 1 0 2 0 0 0 1 4 8  1.158  2.940  4.793
193 0 0 0 2 1 0 0 0 53 1 0 1 3.83 1 0 0 1 1 1 1 5 8  1.915  3.524  5.195
194 0 0 0 1 0 0 0 0 53 1 0 1 3.83 1 0 0 0 1 1 1 4 8  1.532  3.172  4.935
195 1 1 2 0 1 1 1 1 53 1 0 0 5.63 1 0 2 0 0 1 1 3 8  1.225  2.855  4.689
196 0 0 0 -2 0 0 0 0 54 1 0 0 3.46 1 0 0 1 1 1 2 3 9  1.980  3.569  5.454
197 0 1 0 -2 0 0 0 0 54 1 0 0 3.46 1 0 0 0 1 1 2 2 8  1.573  3.091  4.823
198 1 0 0 -4 0 0 0 0 54 1 0 0 3.46 1 0 0 0 0 1 2 2 8  1.258  2.782  4.582
199 0 0 0 0 0 0 0 0 55 1 0 1 3.23 1 0 0 0 0 0 1 2 7  0.995  2.382  3.994
200 0 0 0 -3 0 0 0 0 55 1 0 1 3.23 1 0 0 0 0 0 1 2 7  0.796  2.144  3.795
201 1 0 1 -3 0 0 1 1 55 1 0 1 3.23 1 0 1 0 0 0 1 2 6  0.625  1.808  3.246
202 1 0 0 -7 1 0 0 0 55 1 0 0 5.63 1 0 0 1 1 1 1 3 7  1.500  2.627  4.084
203 0 0 2 0 1 1 1 1 56 0 0 0 3.66 1 0 2 0 1 1 1 2 7  1.200  2.364  3.880
204 0 0 0 2 0 0 0 0 56 0 0 0 3.66 1 0 0 1 1 2 2 3 7  1.949  3.006  4.327
205 1 0 0 -5 1 0 0 0 56 0 0 0 3.66 1 0 0 0 1 1 2 3 6  1.547  2.584  3.753
206 1 0 0 -5 0 0 0 0 56 0 0 0 2.53 1 0 0 0 0 1 2 2 5  1.226  2.204  3.206
207 0 1 1 1 1 1 1 1 57 1 0 0 5.33 0 0 1 0 0 0 2 2 4  0.970  1.862  2.688
208 0 0 1 4 1 1 1 1 57 1 0 0 4.93 0 0 1 1 1 1 2 3 5  1.776  2.676  3.553
209 0 1 0 5 1 1 0 0 57 1 0 0 4.93 0 0 0 1 2 2 3 4 6  2.421  3.408  4.376
210 1 0 1 2 0 0 1 1 57 1 0 0 4.56 0 0 1 0 1 2 2 4 6  1.936  3.067  4.157
211 1 1 0 2 1 1 0 0 57 1 0 0 3.56 0 0 0 1 1 2 3 5 7  2.549  3.761  4.949
212 0 0 5 0 1 0 1 2 58 1 0 1 4.43 0 0 3 0 1 1 3 4 7  2.039  3.385  4.702
213 0 0 1 3 1 1 1 1 58 1 0 1 4.43 0 0 1 1 1 2 4 5 7  2.620  3.925  5.108
214 0 1 0 5 1 1 0 0 58 1 0 0 4.56 0 0 0 1 2 2 4 5 8  3.096  4.532  5.853
215 1 0 0 3 0 0 0 0 58 1 0 0 4.93 0 0 0 0 1 2 3 5 8  2.477  4.079  5.560
216 1 1 0 3 1 0 0 0 58 1 0 1 4.75 0 0 0 0 0 1 3 5 7  1.970  3.549  4.923
217 0 0 4 3 0 0 1 1 60 1 1 0 3.66 0 0 2 0 0 0 2 5 7  1.576  3.195  4.677
218 0 1 1 2 1 1 1 1 60 1 1 0 3.66 0 0 1 1 1 1 3 5 8  2.261  3.875  5.443
219 0 0 0 4 0 0 0 0 60 1 1 0 3.66 0 0 0 1 2 2 3 5 9  2.809  4.488  6.171
220 1 0 0 3 1 0 0 0 60 1 1 1 3.20 0 0 0 0 1 2 2 5 9  2.247  4.039  5.863
221 0 0 0 3 0 0 0 0 61 1 1 0 2.67 0 0 0 0 0 1 2 4 9  1.797  3.635  5.570
222 0 0 1 3 1 1 1 1 61 1 1 0 2.67 0 0 1 0 0 0 2 4 8  1.426  3.150  4.933
223 0 0 1 2 1 0 1 1 61 1 1 0 2.67 0 0 1 1 1 1 3 4 9  2.141  3.835  5.686
224 1 0 1 -1 0 0 1 1 61 1 1 0 5.63 0 0 1 1 2 2 3 4 9  2.701  4.330  6.043
225 0 0 1 1 0 0 1 1 62 0 1 1 3.83 0 0 1 1 2 3 3 5 10  3.161  4.897  6.741
226 0 0 0 0 0 0 0 0 62 0 1 1 3.83 0 0 0 1 2 3 4 6 11  3.529  5.407  7.404
227 0 0 2 2 0 0 1 1 62 0 1 1 3.83 0 0 2 0 1 2 4 6 11  2.823  4.866  7.034
228 1 0 0 1 0 0 0 0 62 0 1 0 2.53 0 0 0 1 1 2 5 6 11  3.247  5.258  7.324
229 0 0 0 0 0 0 0 0 63 1 0 1 3.74 0 0 0 0 1 1 4 5 10  2.586  4.611  6.599
230 0 0 2 1 0 0 1 1 63 1 0 1 3.74 0 0 2 0 0 1 3 5 10  2.069  4.150  6.269
231 0 0 0 0 1 0 0 0 63 1 0 1 3.74 0 0 0 1 1 1 3 6 10  2.644  4.613  6.597
232 1 0 0 0 1 1 0 0 63 1 0 1 3.74 0 0 0 0 1 1 2 6 10  2.115  4.152  6.267
233 1 1 0 0 1 1 0 0 63 1 0 0 4.15 0 0 0 0 0 1 2 5 9  1.680  3.615  5.595
234 0 1 5 0 1 1 1 2 65 1 0 1 4.57 0 0 3 0 0 0 1 4 8  1.333  3.132  4.957
235 0 1 1 0 1 1 1 1 65 1 0 1 4.57 0 0 1 1 1 1 2 4 9  2.066  3.819  5.709
236 0 0 1 1 0 0 1 1 65 1 0 1 4.57 0 0 1 1 2 2 3 4 10  2.653  4.437  6.424
237 1 0 1 0 0 0 1 1 65 1 0 0 5.09 0 0 1 1 2 3 3 5 11  3.122  4.993  7.103
238 0 0 1 -1 0 0 1 1 66 1 0 0 2.55 0 0 1 1 2 3 4 5 11  3.486  5.372  7.389
239 0 0 4 -3 0 0 1 1 66 1 0 0 2.55 0 0 2 1 2 3 5 6 11  3.778  5.714  7.661
240 0 0 0 -2 0 0 0 0 66 1 0 0 2.55 0 0 0 1 2 3 6 7 12  4.022  6.142  8.278
241 1 1 5 -5 0 0 1 2 66 1 0 0 5.09 0 0 3 0 1 2 5 6 12  3.218  5.528  7.864
242 0 0 1 0 0 0 1 1 67 0 0 1 2.95 0 0 1 1 1 2 5 7 13  3.574  5.975  8.471
243 0 1 0 0 0 0 0 0 67 0 0 1 2.95 0 0 0 1 2 2 5 8 13  3.848  6.256  8.689
244 1 0 1 0 0 0 1 1 67 0 0 1 2.95 0 0 1 0 1 2 4 8 12  3.067  5.509  7.896
245 1 1 4 2 0 0 1 1 67 0 0 0 5.09 0 0 2 1 1 2 4 8 12  3.442  5.836  8.143
246 0 0 2 -1 0 0 1 1 68 1 1 1 3.74 0 0 2 1 2 2 4 8 12  3.742  6.131  8.377
247 0 0 5 -2 0 0 1 2 68 1 1 1 3.74 0 0 3 1 2 3 5 8 13  3.994  6.518  8.958
248 0 0 0 -5 0 0 0 0 68 1 1 0 3.92 0 0 0 1 2 3 5 8 13  4.183  6.745  9.152
249 0 0 0 0 0 0 0 0 69 1 1 0 5.38 0 0 0 0 1 2 4 7 13  3.347  6.070  8.694
250 0 0 0 0 0 0 0 0 69 1 1 0 5.38 0 0 0 0 0 1 4 6 13  2.677  5.463  8.259
251 1 0 0 0 0 0 0 0 69 1 1 0 5.38 0 0 0 0 0 0 3 6 12  2.130  4.795  7.488
252 0 0 0 0 0 0 0 0 70 1 1 1 4.64 0 0 0 0 0 0 2 5 12  1.704  4.316  7.114
253 0 0 0 2 0 0 0 0 70 1 1 1 4.64 0 0 0 0 0 0 1 4 12  1.363  3.884  6.758
254 0 0 0 0 0 0 0 0 70 1 1 1 4.64 0 0 0 0 0 0 0 4 12  1.091  3.496  6.420
255 1 0 0 -1 0 0 0 0 70 1 1 1 4.64 0 0 0 0 0 0 0 3 11  0.861  3.025  5.741
256 0 0 0 0 0 0 0 0 71 1 0 1 3.47 0 0 0 0 0 0 0 2 10  0.677  2.601  5.095
257 0 0 0 -3 0 0 0 0 71 1 0 1 3.47 0 0 0 0 0 0 0 1 9  0.530  2.219  4.482
258 1 1 0 -4 0 0 0 0 71 1 0 1 3.47 0 0 0 0 0 0 0 0 8  0.413  1.875  3.899
259 1 1 5 -4 1 0 1 2 71 1 0 1 3.47 0 0 3 0 0 0 0 0 7  0.319  1.566  3.346
260 0 0 1 -3 0 0 1 1 72 1 0 0 4.00 1 0 1 1 1 1 1 1 7  1.243  2.288  3.820
261 0 0 2 -5 1 0 1 1 72 1 0 0 4.00 1 0 2 1 2 2 2 2 8  1.995  3.059  4.629
262 0 0 0 -3 0 0 0 0 72 1 0 0 4.00 1 0 0 1 2 3 3 3 8  2.584  3.632  5.039
263 1 1 5 -3 0 0 1 2 72 1 0 0 3.34 1 0 3 0 1 2 3 3 7  2.056  3.147  4.429
264 0 0 0 0 0 0 0 0 73 0 0 1 3.79 1 0 0 1 1 2 4 4 8  2.645  3.832  5.207
265 0 0 5 0 1 1 1 2 73 0 0 1 3.79 1 0 3 0 1 1 4 4 7  2.104  3.328  4.588
266 0 1 2 -1 1 0 1 1 73 0 0 1 3.79 1 0 2 1 1 2 4 5 7  2.672  3.873  5.000
267 1 0 0 1 0 0 0 0 73 0 0 0 3.34 1 0 0 1 2 2 4 6 7  3.126  4.364  5.392
268 0 0 4 -1 1 1 1 1 74 0 0 1 4.15 1 0 2 0 1 2 3 6 6  2.489  3.806  4.764
269 0 0 0 1 1 0 0 0 74 0 0 1 4.15 1 0 0 1 1 2 4 7 7  2.991  4.426  5.526
270 0 0 0 2 0 0 0 0 74 0 0 0 5.55 1 0 0 0 1 1 3 6 7  2.393  3.983  5.249
271 1 0 0 3 1 0 0 0 74 0 0 1 3.83 1 0 0 0 0 1 3 5 7  1.914  3.585  4.987
272 0 0 1 -3 0 0 1 1 75 1 0 0 3.14 1 0 1 0 0 0 2 4 7  1.532  3.226  4.738
273 0 0 1 -3 0 0 1 1 75 1 0 0 3.14 1 0 1 1 1 1 2 5 8  2.225  3.904  5.501
274 0 1 0 0 1 0 0 0 75 1 0 0 3.14 1 0 0 1 2 2 3 5 9  2.780  4.513  6.226
275 1 0 5 0 1 0 1 2 75 1 0 1 2.30 1 0 3 0 1 2 2 5 9  2.224  4.062  5.914
276 1 1 5 0 1 1 1 2 75 1 0 0 6.10 1 0 3 1 1 2 3 5 10  2.779  4.656  6.619
277 1 0 5 0 1 1 1 2 75 1 0 1 4.41 1 0 3 1 2 2 4 5 11  3.223  5.190  7.288
278 0 0 0 0 0 0 0 0 76 1 0 1 2.60 1 0 0 1 2 3 5 6 12  3.579  5.671  7.923
279 0 0 0 0 0 0 0 0 76 1 0 1 2.60 1 0 0 0 1 2 4 5 12  2.863  5.104  7.527
280 1 0 0 -1 1 0 0 0 76 1 0 1 2.60 1 0 0 0 0 1 3 5 11  2.279  4.472  6.792
281 1 1 0 0 1 1 0 0 76 1 0 0 2.52 1 0 0 0 0 0 3 5 10  1.812  3.903  6.094
282 0 0 5 0 0 0 1 2 77 1 0 1 5.65 1 0 3 0 0 0 2 5 9  1.438  3.391  5.431
283 0 1 0 -2 0 0 0 0 77 1 0 1 5.76 1 0 0 1 1 1 2 5 10  2.150  4.052  6.159
284 0 0 6 -3 1 1 1 2 77 1 0 1 5.76 1 0 3 0 1 1 1 4 9  1.709  3.525  5.493
285 1 1 1 -2 0 0 1 1 77 1 0 0 6.10 1 0 1 1 1 2 2 5 10  2.367  4.173  6.218
286 1 0 0 -1 1 1 0 0 77 1 0 1 2.30 1 0 0 1 2 2 3 5 10  2.882  4.634  6.549
287 0 0 1 -4 0 0 1 1 78 1 0 1 2.92 1 0 1 0 1 2 3 4 9  2.294  4.049  5.863
288 0 0 0 0 0 0 0 0 78 1 0 1 2.92 1 0 0 1 1 2 4 4 10  2.835  4.644  6.570
289 0 0 0 3 0 0 0 0 78 1 0 1 2.92 1 0 0 0 1 1 3 4 9  2.257  4.058  5.883
290 1 0 4 3 1 0 1 1 78 1 0 1 2.95 1 0 2 0 0 1 3 4 9  1.805  3.652  5.589
291 1 1 0 3 1 1 0 0 78 1 0 1 2.90 1 0 0 1 1 1 3 5 10  2.444  4.287  6.309
292 0 0 1 0 1 0 1 1 79 1 0 1 3.75 1 0 1 0 1 1 2 5 10  1.955  3.858  5.994
293 0 1 1 3 0 0 1 1 79 1 0 1 3.75 1 0 1 1 1 2 3 5 10  2.553  4.351  6.336
294 0 0 0 5 0 0 0 0 79 1 0 0 2.78 1 0 0 1 2 2 3 6 10  3.031  4.794  6.660
295 1 0 1 6 0 0 1 1 79 1 0 1 2.77 1 0 1 0 1 2 3 5 10  2.425  4.315  6.327
296 1 0 5 4 0 0 1 2 79 1 0 1 2.18 1 0 3 1 1 2 4 5 10  2.928  4.762  6.653
297 0 0 0 -2 0 0 0 0 80 1 0 1 4.00 1 0 0 1 2 2 4 6 10  3.331  5.164  6.961
298 0 0 6 -4 1 1 1 2 80 1 0 1 4.00 1 0 3 0 1 2 4 5 9  2.653  4.526  6.255
299 1 0 0 -3 0 0 0 0 80 1 0 1 4.00 1 0 0 1 1 2 4 6 10  3.123  5.073  6.942
300 1 0 1 -3 1 0 1 1 80 1 0 1 4.00 1 0 1 0 1 1 3 6 10  2.498  4.566  6.595
301 0 1 1 0 1 1 1 1 81 0 0 0 7.84 1 0 1 1 1 2 4 6 11  2.998  5.110  7.265
302 0 0 0 3 1 1 0 0 81 0 0 0 7.84 1 0 0 1 2 2 4 7 12  3.399  5.599  7.902
303 0 0 2 2 1 1 1 1 81 0 0 0 7.84 1 0 2 0 1 2 3 6 11  2.707  4.917  7.148
304 1 0 5 5 1 1 1 2 81 0 0 1 2.95 1 0 3 1 1 2 4 6 12  3.166  5.425  7.791
305 1 1 0 5 1 0 0 0 81 0 0 0 2.78 1 0 0 1 2 2 4 7 12  3.521  5.761  8.043
306 0 1 4 0 1 1 1 1 82 1 1 1 3.60 0 0 2 0 1 2 4 6 11  2.805  5.064  7.282
307 0 1 5 -3 1 1 1 2 82 1 1 1 3.60 0 0 3 1 1 2 4 6 12  3.244  5.557  7.918
308 0 1 0 -1 1 1 0 0 82 1 1 0 6.10 0 0 0 1 2 2 4 7 12  3.584  5.880  8.164
309 1 1 0 -1 1 1 0 0 82 1 1 1 2.30 0 0 0 0 1 2 4 6 12  2.867  5.292  7.756
310 1 1 1 0 0 0 1 1 82 1 1 0 2.52 0 0 1 0 0 1 3 6 12  2.294  4.763  7.368
311 1 0 0 0 0 0 0 0 82 1 1 1 4.41 0 0 0 1 1 1 3 6 12  2.823  5.165  7.641
312 1 0 0 0 1 1 0 0 82 1 1 1 4.41 0 0 0 0 1 1 3 5 12  2.259  4.648  7.259
313 0 0 0 0 0 0 0 0 83 1 1 0 4.51 0 0 0 0 0 1 2 5 11  1.795  4.062  6.537
314 0 0 0 0 1 0 0 0 83 1 1 0 4.51 0 0 0 0 0 0 1 4 10  1.425  3.534  5.852
315 0 0 2 -3 1 1 1 1 83 1 1 0 4.51 0 0 2 0 0 0 1 3 10  1.140  3.181  5.560
316 1 1 5 -3 0 0 1 2 83 1 1 0 5.31 0 0 3 1 1 1 2 4 10  1.900  3.741  5.923
317 0 0 5 0 0 0 1 2 84 1 1 0 3.14 0 0 3 1 2 2 2 4 10  2.509  4.245  6.268
318 0 0 5 1 1 0 1 2 84 1 1 0 3.14 0 0 3 1 2 3 3 4 11  3.007  4.821  6.955
319 0 0 4 1 0 0 1 1 84 1 1 0 3.14 0 0 2 1 2 3 4 5 11  3.394  5.217  7.249
320 1 0 0 0 0 0 0 0 84 1 1 1 2.30 0 0 0 1 2 3 5 6 12  3.715  5.696  7.886
321 0 0 5 2 0 0 1 2 85 0 1 1 2.60 0 0 3 0 1 2 5 5 11  2.961  5.004  7.134
322 0 0 0 3 0 0 0 0 85 0 1 1 2.60 0 0 0 1 1 2 5 6 11  3.357  5.382  7.418
323 1 0 1 3 1 1 1 1 85 0 1 1 2.60 0 0 1 0 1 1 4 6 11  2.686  4.844  7.047
324 1 1 0 3 1 0 0 0 85 0 1 0 2.52 0 0 0 1 1 2 4 7 11  3.137  5.238  7.337
325 0 0 0 1 1 0 0 0 86 1 1 1 4.15 0 0 0 0 1 1 3 7 10  2.498  4.593  6.611
326 0 0 5 1 0 0 1 2 86 1 1 1 4.15 0 0 3 0 0 1 2 6 10  1.998  4.133  6.281
327 1 0 5 3 0 0 1 2 86 1 1 1 4.15 0 0 3 1 1 1 3 6 10  2.587  4.599  6.608
328 1 0 0 5 0 0 0 0 86 1 1 1 4.15 0 0 0 1 2 2 3 6 10  3.058  5.017  6.919
329 0 0 1 1 0 0 1 1 87 1 1 1 4.57 0 0 1 0 1 2 3 5 10  2.447  4.515  6.573
330 0 1 1 1 1 1 1 1 87 1 1 1 4.57 0 0 1 1 1 2 3 5 11  2.957  5.064  7.245
331 1 0 5 4 0 0 1 2 87 1 1 1 4.57 0 0 3 1 2 2 4 6 11  3.354  5.436  7.524
332 1 0 6 4 1 1 1 2 87 1 1 0 4.36 0 0 3 1 2 3 5 6 12  3.683  5.892  8.148
333 0 1 0 0 1 1 0 0 88 1 1 0 4.00 0 0 0 1 2 3 5 7 13  3.947  6.303  8.740
334 0 0 1 -2 1 0 1 1 88 1 1 0 4.00 0 0 1 0 1 2 4 6 13  3.157  5.673  8.303
335 0 0 5 -4 0 0 1 2 88 1 1 1 4.20 0 0 3 1 1 2 5 7 14  3.526  6.105  8.888
336 0 1 5 -6 1 1 1 2 88 1 1 1 4.20 0 0 3 1 2 2 5 8 14  3.809  6.373  9.085
337 1 1 5 -5 1 1 1 2 88 1 1 0 5.55 0 0 3 1 2 3 5 8 14  4.036  6.614  9.273
338 0 1 1 -1 1 1 1 1 89 1 1 1 3.75 0 0 1 1 2 3 5 8 14  4.217  6.831  9.450
339 0 0 0 -4 0 0 0 0 89 1 1 1 3.75 0 0 0 1 2 3 5 9 14  4.362  7.027  9.619
340 0 0 0 -4 1 1 0 0 89 1 1 1 3.75 0 0 0 0 1 2 5 8 13  3.478  6.202  8.780
341 1 0 0 -2 0 0 0 0 89 1 1 1 2.90 0 0 0 0 0 1 4 7 13  2.783  5.582  8.341
342 0 0 0 2 0 0 0 0 90 1 1 1 4.00 0 0 0 0 0 0 3 6 12  2.215  4.902  7.565
343 0 0 0 2 0 0 0 0 90 1 1 1 4.00 0 0 0 0 0 0 2 5 12  1.772  4.412  7.187
344 1 0 0 4 0 0 0 0 90 1 1 1 4.00 0 0 0 0 0 0 1 5 11  1.406  3.849  6.469
345 0 0 5 3 0 0 1 2 91 0 1 0 7.84 0 0 3 0 0 0 0 4 11  1.125  3.464  6.146
346 0 0 1 1 1 0 1 1 91 0 1 0 7.84 0 0 1 1 1 1 1 4 12  1.900  4.118  6.839
347 0 0 0 -3 1 1 0 0 91 0 1 1 2.77 0 0 0 1 2 2 2 4 12  2.508  4.585  7.138
348 1 0 0 -5 0 0 0 0 91 0 1 0 2.78 0 0 0 0 1 2 2 3 11  1.995  4.005  6.423
349 0 1 0 0 1 1 0 0 92 1 0 1 2.95 0 0 0 0 0 1 2 2 11  1.596  3.604  6.102
350 0 0 0 -4 0 0 0 0 92 1 0 1 2.95 0 0 0 0 0 0 2 2 10  1.265  3.122  5.438
351 1 0 0 -4 0 0 0 0 92 1 0 1 2.95 0 0 0 0 0 0 2 2 9  1.001  2.688  4.808
352 1 1 0 -5 0 0 0 0 92 1 0 1 2.95 0 0 0 0 0 0 1 2 8  0.789  2.298  4.209
353 0 0 2 0 0 0 1 1 93 1 0 1 4.57 0 0 2 0 0 0 0 2 7  0.620  1.947  3.640
354 0 0 0 -2 1 0 0 0 93 1 0 1 4.57 0 0 0 1 1 1 1 3 8  1.496  2.752  4.458
355 0 1 1 1 1 1 1 1 93 1 0 0 2.10 0 0 1 0 1 1 1 3 7  1.185  2.355  3.876
356 1 0 1 1 0 0 1 1 93 1 0 1 2.99 0 0 1 1 1 2 2 3 7  1.937  2.998  4.324
357 1 0 0 2 0 0 0 0 93 1 0 1 3.23 0 0 0 1 2 2 3 3 7  2.538  3.577  4.749
358 0 0 0 -2 0 0 0 0 94 1 0 0 2.55 0 0 0 0 1 2 3 3 6  2.019  3.097  4.154
359 0 0 0 -2 0 0 0 0 94 1 0 0 2.55 0 0 0 0 0 1 3 3 5  1.603  2.666  3.587
360 1 0 0 -3 1 1 0 0 94 1 0 0 2.55 0 0 0 0 0 0 2 3 5  1.283  2.399  3.408
361 1 1 0 -1 1 1 0 0 94 1 0 0 2.10 0 0 0 0 0 0 2 3 5  1.026  2.160  3.238
362 1 0 5 0 0 0 1 2 94 1 0 1 4.31 0 0 3 0 0 0 1 3 5  0.821  1.944  3.076
363 0 1 0 5 1 1 0 0 95 1 1 0 3.34 0 0 0 1 1 1 1 4 6  1.657  2.749  3.922
364 0 1 0 9 0 0 0 0 95 1 1 0 3.34 0 0 0 0 1 1 1 3 6  1.325  2.474  3.726
365 0 1 5 2 1 1 1 2 96 1 1 1 3.74 0 0 3 0 0 1 1 3 6  1.060  2.227  3.540
366 0 1 0 0 0 0 0 0 96 1 1 0 3.92 0 0 0 1 1 1 2 3 6  1.837  2.883  4.004
367 0 0 0 2 0 0 0 0 96 1 1 0 3.92 0 0 0 0 1 1 2 2 5  1.458  2.473  3.445
368 1 0 4 3 0 0 1 1 96 1 1 1 3.77 0 0 2 0 0 1 2 2 5  1.166  2.225  3.273
369 1 0 0 2 1 1 0 0 97 1 1 1 4.64 0 0 0 1 1 1 2 3 6  1.933  3.003  4.109
370 1 1 0 1 0 0 0 0 97 1 1 1 3.36 0 0 0 0 1 1 2 3 6  1.546  2.703  3.904
371 0 0 0 1 0 0 0 0 98 0 1 0 4.07 0 0 0 0 0 1 2 3 6  1.237  2.432  3.709
372 0 0 1 1 1 1 1 1 98 0 1 0 4.07 0 0 1 0 0 0 1 3 6  0.990  2.189  3.523
373 0 0 5 -1 0 0 1 2 98 0 1 0 4.07 0 0 3 1 1 1 2 3 7  1.792  2.970  4.347
374 0 0 0 1 0 0 0 0 99 1 0 1 3.69 1 0 0 1 2 2 3 4 7  2.422  3.552  4.771
375 0 0 5 3 1 1 1 2 99 1 0 1 3.69 1 0 3 0 1 2 2 4 7  1.938  3.196  4.533
376 0 0 2 5 1 1 1 1 99 1 0 1 4.62 1 0 2 1 1 2 3 4 7  2.538  3.755  4.948
377 1 0 0 7 1 1 0 0 99 1 0 0 2.80 1 0 0 1 2 2 4 5 7  3.019  4.258  5.342
378 1 0 0 7 1 1 0 0 99 1 0 1 4.93 1 0 0 0 1 2 4 5 7  2.415  3.832  5.075
379 0 1 0 0 1 1 0 0 100 0 0 1 3.46 1 0 0 0 0 1 3 4 7  1.932  3.449  4.821
380 0 1 5 -2 0 0 1 2 100 0 0 1 3.46 1 0 3 0 0 0 2 4 7  1.546  3.104  4.580
381 0 0 0 -4 1 0 0 0 100 0 0 1 3.46 1 0 0 1 1 1 3 5 8  2.237  3.794  5.351
382 1 1 0 -4 1 1 0 0 100 0 0 1 3.46 1 0 0 0 1 1 2 5 8  1.789  3.414  5.083
383 0 0 1 3 0 0 1 1 101 0 0 0 4.79 1 0 1 0 0 1 1 4 7  1.420  2.951  4.471
384 0 1 0 2 1 0 0 0 101 0 0 1 4.79 1 0 0 1 1 1 2 4 8  2.136  3.656  5.247
385 0 0 4 3 1 1 1 1 101 0 0 1 4.79 1 0 2 0 1 1 2 4 8  1.709  3.291  4.985
386 1 0 0 5 0 0 0 0 101 0 0 0 2.80 1 0 0 1 1 2 3 4 8  2.355  3.840  5.377
387 1 0 0 3 0 0 0 0 101 0 0 0 3.93 1 0 0 0 1 1 2 3 8  1.884  3.456  5.108
388 0 0 0 2 1 1 0 0 102 1 0 0 5.38 0 0 0 0 0 1 2 3 8  1.508  3.110  4.853
389 0 1 0 5 1 1 0 0 102 1 0 0 4.15 0 0 0 0 0 0 2 3 7  1.194  2.678  4.252
390 0 0 5 8 0 0 1 2 102 1 0 1 4.64 0 0 3 0 0 0 1 3 7  0.956  2.410  4.039
391 0 0 0 11 1 0 0 0 102 1 0 1 4.64 0 0 0 1 1 1 2 3 8  1.764  3.169  4.837
392 1 0 0 11 0 0 0 0 102 1 0 1 3.36 0 0 0 0 1 1 1 3 8  1.412  2.852  4.595
393 0 0 0 0 1 0 0 0 103 1 0 0 4.07 0 0 0 0 0 1 1 3 7  1.118  2.445  4.007
394 0 1 0 1 1 1 0 0 103 1 0 0 4.07 0 0 0 0 0 0 1 2 6  0.883  2.079  3.448
395 0 0 0 1 0 0 0 0 103 1 0 0 4.07 0 0 0 0 0 0 1 2 6  0.706  1.871  3.276
396 1 0 0 1 1 0 0 0 103 1 0 1 3.86 0 0 0 0 0 0 1 1 5  0.553  1.563  2.754
397 0 1 5 0 1 1 1 2 104 0 0 1 4.64 0 0 3 0 0 0 0 1 4  0.431  1.285  2.257
398 0 1 2 1 0 0 1 1 104 0 0 1 4.64 0 0 2 1 1 1 1 2 5  1.345  2.156  3.144
399 0 0 0 2 0 0 0 0 104 0 0 0 4.15 0 0 0 1 2 2 2 3 6  2.076  2.941  3.987
400 1 1 0 -1 0 0 0 0 104 0 0 1 3.77 0 0 0 0 1 2 2 3 6  1.661  2.647  3.788
401 1 1 0 -2 1 1 0 0 104 0 0 1 3.36 0 0 0 0 0 1 2 2 5  1.317  2.260  3.240
402 0 1 1 1 1 0 1 1 105 1 0 0 3.34 0 0 1 0 0 0 2 2 5  1.054  2.034  3.078
403 0 1 0 2 1 1 0 0 105 1 0 0 3.34 0 0 0 1 1 1 3 3 6  1.843  2.831  3.924
404 0 1 4 3 1 1 1 1 105 1 0 0 3.34 0 0 2 0 1 1 2 3 5  1.463  2.426  3.369
405 1 0 6 6 1 1 1 2 105 1 0 0 5.38 0 0 3 1 1 2 2 4 6  2.170  3.184  4.201
406 1 0 1 8 1 1 1 1 105 1 0 0 5.38 0 0 1 1 2 2 3 5 6  2.725  3.744  4.632
407 1 0 5 0 0 0 1 2 106 1 0 1 3.77 0 0 3 1 2 3 4 6 7  3.180  4.369  5.401
408 1 0 0 0 0 0 0 0 106 1 0 1 3.36 0 0 0 1 2 3 5 6 8  3.544  4.932  6.131
409 0 0 0 1 0 0 0 0 107 1 1 0 2.55 0 0 0 0 1 2 4 5 8  2.835  4.439  5.824
410 0 1 0 -1 0 0 0 0 107 1 1 0 2.55 0 0 0 0 0 1 4 5 8  2.268  3.995  5.533
411 1 0 0 -1 1 0 0 0 107 1 1 0 2.10 0 0 0 0 0 0 3 5 7  1.803  3.474  4.898
412 1 0 5 0 0 0 1 2 107 1 1 1 3.60 0 0 3 0 0 0 2 5 7  1.442  3.127  4.653
413 1 1 5 0 0 0 1 2 107 1 1 1 2.52 0 0 3 1 1 1 2 5 8  2.154  3.814  5.420
414 0 1 0 0 1 1 0 0 108 1 1 1 2.95 0 0 0 1 2 2 2 6 9  2.723  4.433  6.149
415 0 0 0 -1 0 0 0 0 108 1 1 1 2.95 0 0 0 0 1 2 2 5 9  2.178  3.989  5.842
416 1 0 1 5 1 1 1 1 108 1 1 1 2.95 0 0 1 0 0 1 2 4 9  1.743  3.590  5.550
417 1 1 0 4 0 0 0 0 108 1 1 1 2.95 0 0 0 1 1 1 3 4 10  2.394  4.231  6.272
418 0 0 0 0 0 0 0 0 109 1 1 1 4.57 0 0 0 0 1 1 3 3 9  1.904  3.687  5.600
419 0 0 5 -2 1 0 1 2 109 1 1 1 4.57 0 0 3 0 0 1 2 3 8  1.512  3.196  4.962
420 0 1 1 1 0 0 1 1 109 1 1 1 3.60 0 0 1 1 1 1 2 4 9  2.209  3.877  5.714
421 1 0 4 1 0 0 1 1 109 1 1 0 2.75 0 0 2 1 2 2 3 5 10  2.767  4.489  6.428
422 1 1 5 0 1 1 1 2 109 1 1 0 2.10 0 0 3 1 2 3 4 6 11  3.214  5.040  7.107
423 0 0 0 0 0 0 0 0 110 1 1 0 2.40 0 0 0 1 2 3 4 6 11  3.560  5.415  7.393
424 0 0 4 4 1 0 1 1 110 1 1 1 4.75 0 0 2 0 1 2 4 5 11  2.848  4.873  7.023
425 1 0 0 3 0 0 0 0 110 1 1 0 3.56 0 0 0 1 1 2 5 6 11  3.267  5.264  7.313
426 0 0 5 0 0 0 1 2 111 1 1 0 3.59 0 0 3 0 1 1 4 6 10  2.602  4.616  6.589
427 0 0 1 0 1 0 1 1 111 1 1 0 3.59 0 0 1 1 1 2 4 6 10  3.070  5.033  6.901
428 0 1 0 2 1 1 0 0 111 1 1 0 3.59 0 0 0 1 2 2 4 7 10  3.444  5.408  7.198
429 1 0 4 3 1 0 1 1 111 1 1 0 3.59 0 0 2 0 1 2 3 7 10  2.756  4.867  6.838
430 0 0 0 0 0 0 0 0 112 0 1 1 3.47 0 0 0 1 1 2 4 7 11  3.204  5.381  7.496
431 0 1 0 3 0 0 0 0 112 0 1 1 3.47 0 0 0 0 1 1 3 6 11  2.564  4.843  7.121
432 1 0 0 4 1 1 0 0 112 0 1 1 3.47 0 0 0 0 0 1 3 5 11  2.051  4.358  6.765
433 1 1 0 6 0 0 0 0 112 0 1 1 3.47 0 0 0 0 0 0 2 4 10  1.629  3.801  6.068
434 0 0 0 0 1 0 0 0 113 1 1 0 3.16 0 0 0 0 0 0 1 4 9  1.292  3.299  5.406
435 0 0 0 -2 0 0 0 0 113 1 1 0 3.16 0 0 0 0 0 0 1 3 9  1.033  2.969  5.136
436 0 1 5 -2 1 0 1 2 113 1 1 0 3.16 0 0 3 0 0 0 0 3 9  0.827  2.672  4.879
437 1 0 0 -3 1 1 0 0 113 1 1 1 5.67 0 0 0 1 1 1 1 3 9  1.650  3.284  5.277
438 0 1 5 -2 0 0 1 2 114 1 1 0 5.64 0 0 3 0 1 1 1 2 9  1.320  2.955  5.013
439 0 0 0 -3 1 1 0 0 114 1 1 0 5.64 0 0 0 1 1 2 2 3 10  2.056  3.660  5.762
440 0 0 0 -4 1 0 0 0 114 1 1 1 5.83 0 0 0 0 1 1 2 2 9  1.633  3.172  5.116
441 1 1 5 -2 1 1 1 2 114 1 1 1 5.83 0 0 3 0 0 1 2 2 8  1.295  2.733  4.502
442 0 0 0 0 0 0 0 0 115 1 1 0 4.23 0 0 0 1 1 1 3 3 8  2.024  3.338  4.918
443 0 1 0 0 1 1 0 0 115 1 1 0 4.23 0 0 0 0 1 1 2 3 7  1.608  2.883  4.314
444 1 0 1 2 1 0 1 1 115 1 1 1 4.64 0 0 1 0 0 1 2 3 7  1.286  2.595  4.098
445 1 1 0 7 0 0 0 0 115 1 1 0 3.17 0 0 0 1 1 1 2 4 7  2.018  3.214  4.535
446 1 1 0 0 1 1 0 0 116 0 1 0 3.17 0 0 0 0 1 1 2 4 7  1.614  2.892  4.308
447 0 0 5 0 0 0 1 2 117 0 0 1 2.70 0 0 3 0 0 1 2 3 6  1.280  2.481  3.734
448 0 0 5 1 1 0 1 2 117 0 0 1 2.70 0 0 3 1 1 1 2 4 6  2.012  3.112  4.189
449 0 0 0 3 1 0 0 0 117 0 0 1 4.28 0 0 0 1 2 2 3 4 7  2.610  3.801  4.979
450 1 0 1 4 1 0 1 1 117 0 0 1 4.90 0 0 1 0 1 2 3 4 6  2.076  3.299  4.372
451 1 0 0 6 0 0 0 0 117 0 0 1 8.10 0 0 0 1 1 2 3 5 7  2.661  3.969  5.153
452 0 0 0 -1 0 0 0 0 118 1 0 0 3.80 0 0 0 0 1 1 3 4 7  2.129  3.572  4.896
453 0 1 0 -1 1 0 0 0 118 1 0 0 3.80 0 0 0 0 0 1 3 4 7  1.703  3.215  4.651
454 1 0 0 0 0 0 0 0 118 1 0 0 3.80 0 0 0 0 0 0 2 4 7  1.362  2.893  4.418
455 1 0 1 1 0 0 1 1 118 1 0 1 3.49 0 0 1 0 0 0 1 3 7  1.090  2.604  4.197
456 0 1 2 0 1 1 1 1 119 0 0 0 6.35 0 0 2 1 1 1 2 4 8  1.872  3.344  4.987
457 0 0 4 1 0 0 1 1 119 0 0 0 6.35 0 0 2 1 2 2 2 5 8  2.486  3.888  5.380
458 0 0 5 3 1 1 1 2 119 0 0 0 6.35 0 0 3 1 2 3 3 5 9  2.989  4.499  6.111
459 1 0 0 3 0 0 0 0 119 0 0 1 8.10 0 0 0 1 2 3 4 5 9  3.380  4.927  6.447
460 0 0 0 0 0 0 0 0 120 0 0 1 3.42 0 0 0 0 1 2 4 5 9  2.704  4.435  6.124
461 0 0 0 2 1 1 0 0 120 0 0 1 3.42 0 0 0 0 0 1 4 4 9  2.163  3.991  5.818
462 0 0 0 2 1 0 0 0 120 0 0 1 3.42 0 0 0 0 0 0 3 4 8  1.719  3.471  5.169
463 0 1 0 4 0 0 0 0 120 0 0 1 3.42 0 0 0 0 0 0 2 4 8  1.375  3.124  4.910
464 1 1 5 5 1 1 1 2 120 0 0 1 4.90 0 0 3 0 0 0 1 4 8  1.100  2.811  4.665
465 0 0 5 -2 1 1 1 2 121 1 1 0 3.78 0 0 3 1 1 1 1 5 8  1.868  3.408  5.073
466 0 0 0 -4 0 0 0 0 121 1 1 0 3.78 0 0 0 1 2 2 2 5 9  2.495  4.068  5.819
467 0 0 0 -6 1 0 0 0 121 1 1 0 3.78 0 0 0 0 1 2 2 4 9  1.996  3.661  5.528
468 1 0 0 -7 1 1 0 0 121 1 1 0 4.29 0 0 0 0 0 1 2 3 8  1.585  3.173  4.893
469 0 0 0 0 0 0 0 0 122 1 1 1 2.21 0 0 0 0 0 0 2 2 7  1.257  2.734  4.290
470 0 1 5 -1 1 0 1 2 122 1 1 1 2.21 0 0 3 0 0 0 2 2 7  1.005  2.461  4.076
471 1 0 0 0 0 0 0 0 122 1 1 1 2.21 0 0 0 1 1 1 2 3 7  1.793  3.093  4.514
472 1 0 0 1 0 0 0 0 122 1 1 1 2.21 0 0 0 0 1 1 1 3 7  1.434  2.784  4.288
473 0 0 0 0 0 0 0 0 123 1 1 1 3.82 0 0 0 0 0 1 1 3 7  1.147  2.505  4.073
474 0 0 0 -2 1 1 0 0 123 1 1 1 3.82 0 0 0 0 0 0 1 3 7  0.918  2.255  3.870
475 0 0 1 -2 0 0 1 1 123 1 1 1 3.82 0 0 1 0 0 0 1 2 7  0.734  2.029  3.676
476 1 0 2 -1 0 0 1 1 123 1 1 0 4.29 0 0 2 1 1 1 2 2 7  1.576  2.705  4.134
477 0 1 0 0 1 1 0 0 124 1 1 0 6.35 0 0 0 1 2 2 2 3 7  2.249  3.313  4.569
478 0 0 0 1 1 1 0 0 124 1 1 0 6.35 0 0 0 0 1 2 2 3 6  1.788  2.860  3.982
479 0 0 0 -5 0 0 0 0 124 1 1 1 3.49 0 0 0 0 0 1 2 3 5  1.419  2.452  3.424
480 1 1 4 -4 1 0 1 1 124 1 1 1 8.10 0 0 2 0 0 0 2 3 5  1.135  2.207  3.253
481 1 1 0 -7 1 1 0 0 124 1 1 1 8.10 0 0 0 1 1 1 3 3 6  1.908  2.986  4.090
482 0 1 5 0 1 1 1 2 125 1 1 1 3.42 0 0 3 0 1 1 2 3 6  1.526  2.688  3.886
483 0 1 0 -1 1 0 0 0 125 1 1 1 3.42 0 0 0 1 1 2 2 4 7  2.221  3.419  4.692
484 0 1 0 1 0 0 0 0 125 1 1 1 1.74 0 0 0 0 1 1 2 4 7  1.777  3.077  4.457
485 1 0 5 1 0 0 1 2 125 1 1 0 2.08 0 0 3 0 0 1 2 4 6  1.410  2.648  3.876
486 0 1 0 2 1 1 0 0 127 0 1 1 4.28 0 0 0 1 1 1 3 4 6  2.116  3.261  4.323
487 0 0 0 3 0 0 0 0 127 0 1 1 4.28 0 0 0 0 1 1 2 3 6  1.693  2.935  4.107
488 0 1 0 3 1 1 0 0 127 0 1 1 4.28 0 0 0 0 0 1 2 3 6  1.355  2.642  3.902
489 1 0 0 4 0 0 0 0 127 0 1 1 1.74 0 0 0 0 0 0 1 3 6  1.084  2.378  3.707
490 0 0 0 -3 0 0 0 0 128 1 0 0 3.16 1 0 0 0 0 0 1 3 6  0.867  2.140  3.521
491 0 1 0 -3 0 0 0 0 128 1 0 0 3.16 1 0 0 0 0 0 1 2 5  0.682  1.804  2.987
492 1 0 0 -6 1 1 0 0 128 1 0 0 3.16 1 0 0 0 0 0 0 2 5  0.546  1.624  2.838
493 1 0 1 -9 0 0 1 1 128 1 0 1 4.73 1 0 1 0 0 0 0 1 5  0.436  1.461  2.696
494 0 0 0 0 0 0 0 0 129 1 0 0 5.64 1 0 0 1 1 1 1 2 6  1.349  2.315  3.561
495 0 0 1 1 1 1 1 1 129 1 0 0 5.64 1 0 1 0 1 1 1 2 6  1.079  2.084  3.383
496 0 0 1 3 1 1 1 1 129 1 0 0 4.23 1 0 1 1 1 2 2 2 6  1.852  2.754  3.855
497 1 1 2 7 1 1 1 1 129 1 0 1 5.83 1 0 2 1 2 2 3 3 6  2.470  3.357  4.304
498 0 0 2 0 0 0 1 1 130 1 0 1 3.81 0 0 2 1 2 3 4 4 7  2.976  4.021  5.089
499 0 0 0 2 0 0 0 0 130 1 0 1 3.81 0 0 0 1 2 3 5 5 8  3.381  4.619  5.834
500 0 0 0 2 0 0 0 0 130 1 0 1 3.81 0 0 0 0 1 2 4 5 8  2.705  4.157  5.543
501 1 0 5 2 0 0 1 2 130 1 0 0 4.29 0 0 3 0 0 1 4 5 7  2.152  3.620  4.907
502 0 0 0 -1 0 0 0 0 131 1 0 0 3.78 0 0 0 1 1 1 4 6 8  2.722  4.258  5.662
503 0 0 0 -1 1 0 0 0 131 1 0 0 3.78 0 0 0 0 1 1 3 6 7  2.166  3.711  5.020
504 0 0 0 0 0 0 0 0 131 1 0 0 3.78 0 0 0 0 0 1 2 5 7  1.733  3.339  4.769
505 1 1 5 0 0 0 1 2 131 1 0 1 2.21 0 0 3 0 0 0 1 5 7  1.386  3.006  4.531
506 0 1 0 1 1 1 0 0 132 0 0 1 2.21 0 0 0 1 1 1 2 5 7  2.097  3.583  4.946
507 0 1 1 2 1 0 1 1 132 0 0 1 2.21 0 0 1 0 1 1 2 4 7  1.678  3.225  4.698
508 0 0 0 2 0 0 0 0 132 0 0 1 2.21 0 0 0 1 1 2 2 4 8  2.342  3.903  5.463
509 1 1 0 4 0 0 0 0 132 0 0 0 4.76 0 0 0 0 1 1 2 3 8  1.874  3.512  5.190
510 1 0 0 -2 0 0 0 0 133 0 1 0 4.15 0 0 0 0 0 1 2 3 8  1.499  3.161  4.931
511 0 0 0 5 0 0 0 0 134 1 1 0 4.07 0 0 0 0 0 0 2 3 8  1.199  2.845  4.684
512 0 1 1 3 1 1 1 1 134 1 1 0 4.07 0 0 1 0 0 0 1 2 8  0.959  2.560  4.450
513 0 0 6 3 1 1 1 2 134 1 1 0 4.15 0 0 3 1 1 1 2 3 9  1.768  3.304  5.227
514 0 0 0 -4 0 0 0 0 134 1 1 1 3.77 0 0 0 1 2 2 2 4 9  2.402  3.852  5.608
515 0 1 0 0 1 1 0 0 135 1 1 0 2.67 0 0 0 0 1 2 2 4 9  1.922  3.467  5.327
516 0 0 5 0 1 1 1 2 135 1 1 0 2.67 0 0 3 0 0 1 2 3 8  1.526  2.999  4.702
517 0 1 5 0 0 0 1 2 135 1 1 0 2.67 0 0 3 1 1 1 3 4 8  2.209  3.577  5.109
518 1 1 0 0 1 0 0 0 135 1 1 0 2.67 0 0 0 1 2 2 4 4 8  2.756  4.098  5.495
519 1 0 1 0 1 1 1 1 135 1 1 0 2.53 0 0 1 0 1 2 3 4 7  2.193  3.567  4.862
520 0 1 0 -1 1 0 0 0 136 1 1 0 3.66 0 0 0 1 1 2 3 5 8  2.755  4.210  5.619
521 0 0 0 -2 0 0 0 0 136 1 1 0 3.66 0 0 0 0 1 1 3 5 8  2.204  3.789  5.338
522 0 0 0 -2 0 0 0 0 136 1 1 1 4.50 0 0 0 0 0 1 3 5 7  1.751  3.289  4.712
523 1 1 5 -2 1 1 1 2 136 1 1 1 3.20 0 0 3 0 0 0 2 4 7  1.401  2.960  4.477
524 0 1 1 -1 1 1 1 1 137 1 1 1 6.92 0 0 1 1 1 1 2 4 8  2.121  3.664  5.253
525 0 0 1 -3 1 1 1 1 137 1 1 1 6.92 0 0 1 1 2 2 3 5 9  2.697  4.297  5.990
526 0 0 0 -6 1 1 0 0 137 1 1 0 5.63 0 0 0 1 2 3 3 6 9  3.146  4.746  6.332
527 1 0 0 -5 1 0 0 0 137 1 1 1 2.39 0 0 0 0 1 2 3 5 9  2.517  4.271  6.016
528 0 1 0 0 1 1 0 0 138 1 1 1 2.93 0 0 0 0 0 1 3 4 8  2.002  3.723  5.356
529 0 0 0 -1 0 0 0 0 138 1 1 1 2.93 0 0 0 0 0 0 3 4 8  1.601  3.350  5.088
530 0 1 0 2 0 0 0 0 138 1 1 1 2.93 0 0 0 0 0 0 2 3 8  1.281  3.015  4.834
531 1 1 0 3 1 1 0 0 138 1 1 0 2.75 0 0 0 0 0 0 1 3 8  1.025  2.714  4.592
532 0 0 5 -1 0 0 1 2 139 1 1 1 7.04 0 0 3 0 0 0 0 3 8  0.820  2.442  4.363
533 0 0 0 -3 0 0 0 0 139 1 1 1 7.04 0 0 0 1 1 1 1 4 8  1.644  3.077  4.786
534 0 1 0 -6 0 0 0 0 139 1 1 0 5.09 0 0 0 0 1 1 1 3 7  1.304  2.647  4.188
535 1 0 0 -5 0 0 0 0 139 1 1 1 3.23 0 0 0 0 0 1 1 2 7  1.043  2.383  3.979
536 0 0 0 2 0 0 0 0 140 0 1 1 3.60 0 0 0 0 0 0 1 1 7  0.835  2.144  3.780
537 0 1 4 4 0 0 1 1 140 0 1 1 3.60 0 0 2 0 0 0 1 1 6  0.656  1.808  3.232
538 0 0 1 2 0 0 1 1 140 0 1 0 2.75 0 0 1 1 1 1 2 2 6  1.513  2.506  3.712
539 1 0 1 1 0 0 1 1 140 0 1 1 2.52 0 0 1 1 2 2 2 3 7  2.211  3.255  4.527
540 0 1 0 1 1 0 0 0 141 1 0 0 3.34 0 0 0 1 2 3 3 4 7  2.757  3.808  4.942
541 0 0 0 0 0 0 0 0 141 1 0 0 3.34 0 0 0 0 1 2 3 4 7  2.206  3.427  4.695
542 0 0 4 -1 0 0 1 1 141 1 0 0 3.34 0 0 2 0 0 1 3 4 7  1.764  3.085  4.460
543 1 1 0 0 1 1 0 0 141 1 0 0 3.34 0 0 0 1 1 1 4 4 8  2.412  3.776  5.237
544 1 1 0 1 1 0 0 0 141 1 0 1 3.86 0 0 0 0 1 1 3 4 7  1.918  3.277  4.617
545 0 0 5 0 1 0 1 2 142 1 0 1 3.30 0 0 3 0 0 1 2 4 6  1.523  2.828  4.027
546 0 1 0 1 1 1 0 0 142 1 0 0 3.92 0 0 0 1 1 1 2 5 6  2.207  3.423  4.468
547 0 0 0 1 0 0 0 0 142 1 0 0 3.92 0 0 0 0 1 1 2 5 6  1.765  3.081  4.244
548 1 1 2 3 0 0 1 1 142 1 0 0 4.15 0 0 2 0 0 1 2 4 6  1.412  2.773  4.032
549 0 0 0 -2 0 0 0 0 143 1 0 1 3.23 1 0 0 1 1 1 2 4 7  2.130  3.496  4.830
550 0 1 0 -1 1 1 0 0 143 1 0 1 3.23 1 0 0 0 1 1 2 3 7  1.704  3.146  4.589
551 0 0 0 -1 0 0 0 0 143 1 0 1 3.23 1 0 0 0 0 1 2 3 7  1.363  2.831  4.359
552 1 0 0 -1 0 0 0 0 143 1 0 1 3.23 1 0 0 0 0 0 1 3 7  1.090  2.548  4.141
553 0 1 2 1 1 1 1 1 144 1 0 1 3.83 1 0 2 0 0 0 1 2 6  0.861  2.172  3.576
554 0 0 1 2 0 0 1 1 144 1 0 1 3.83 1 0 1 1 1 1 2 3 7  1.689  2.955  4.397
555 0 0 1 -2 0 0 1 1 144 1 0 1 3.83 1 0 1 1 2 2 2 4 8  2.351  3.659  5.177
556 1 1 1 -4 1 1 1 1 144 1 0 1 3.83 1 0 1 1 2 3 3 4 9  2.881  4.293  5.918
557 0 0 4 0 0 0 1 1 145 1 0 0 2.89 0 0 2 1 2 3 4 5 10  3.305  4.864  6.622
558 0 1 4 1 0 0 1 1 145 1 0 0 2.89 0 0 2 1 2 3 5 6 10  3.632  5.256  6.933
559 0 1 2 1 0 0 1 1 145 1 0 0 2.89 0 0 2 1 2 3 6 6 10  3.894  5.609  7.228
560 1 0 0 -2 0 0 0 0 145 1 0 0 2.10 0 0 0 1 2 3 6 7 10  4.104  5.926  7.508
561 0 0 0 0 0 0 0 0 146 1 0 0 2.83 0 0 0 0 1 2 5 7 10  3.283  5.334  7.132
562 0 1 0 0 1 1 0 0 146 1 0 0 2.83 0 0 0 0 0 1 4 7 10  2.626  4.800  6.776
563 0 1 0 2 0 0 0 0 146 1 0 0 2.83 0 0 0 0 0 0 3 7 9  2.090  4.199  6.079
564 1 0 0 -1 1 1 0 0 146 1 0 0 2.75 0 0 0 0 0 0 2 6 9  1.672  3.779  5.775
565 0 0 5 0 0 0 1 2 147 0 0 1 3.00 0 0 3 0 0 0 1 5 9  1.337  3.401  5.486
566 0 0 0 1 0 0 0 0 147 0 0 1 3.00 0 0 0 1 1 1 1 5 9  2.058  3.939  5.853
567 1 0 0 -1 0 0 0 0 147 0 0 0 2.75 0 0 0 0 1 1 1 4 9  1.647  3.545  5.560
568 1 0 0 -3 0 0 0 0 147 0 0 0 2.10 0 0 0 0 0 1 1 3 9  1.317  3.191  5.282
569 0 1 0 1 1 0 0 0 148 1 0 1 3.46 1 0 0 0 0 0 1 2 8  1.042  2.750  4.660
570 0 0 0 -6 1 0 0 0 148 1 0 1 3.46 1 0 0 0 0 0 1 1 8  0.834  2.475  4.427
571 0 1 0 -3 1 1 0 0 148 1 0 1 3.46 1 0 0 0 0 0 1 1 8  0.667  2.228  4.205
572 1 0 5 -3 0 0 1 2 148 1 0 1 3.46 1 0 3 0 0 0 0 1 8  0.534  2.005  3.995
573 0 0 0 2 1 1 0 0 149 0 0 1 5.91 1 0 0 1 1 1 1 2 9  1.427  2.804  4.795
574 0 1 5 4 0 0 1 2 149 0 0 1 4.93 1 0 3 0 1 1 1 2 8  1.130  2.402  4.197
575 0 1 4 3 0 0 1 1 149 0 0 1 4.55 1 0 2 1 1 2 2 3 8  1.892  3.041  4.629
576 1 0 4 5 0 0 1 1 149 0 0 1 2.11 1 0 2 1 2 2 3 3 8  2.502  3.615  5.039
577 1 0 0 1 0 0 0 0 149 0 0 0 2.80 1 0 0 1 2 3 4 4 8  2.990  4.132  5.428
578 0 0 5 1 0 0 1 2 150 0 0 1 4.50 1 0 3 0 1 2 4 4 7  2.381  3.597  4.799
579 0 0 0 4 0 0 0 0 150 0 0 1 11.29 1 0 0 1 1 2 4 5 7  2.893  4.116  5.200
580 0 1 0 6 1 1 0 0 150 0 0 1 11.29 1 0 0 0 1 1 4 5 6  2.303  3.583  4.582
581 0 0 5 7 0 0 1 2 150 0 0 0 3.93 1 0 3 0 0 1 3 5 6  1.842  3.224  4.353
582 1 0 4 7 1 0 1 1 150 0 0 1 4.55 1 0 2 1 1 1 3 6 7  2.474  3.902  5.135
583 0 0 5 0 0 0 1 2 151 1 1 1 4.43 0 0 3 1 2 2 3 6 8  2.979  4.512  5.878
584 0 1 5 0 0 0 1 2 151 1 1 1 4.43 0 0 3 1 2 3 4 7 9  3.383  5.061  6.584
585 1 0 1 0 0 0 1 1 151 1 1 1 4.43 0 0 1 1 2 3 4 7 10  3.707  5.555  7.255
586 1 1 0 -1 0 0 0 0 151 1 1 0 3.56 0 0 0 1 2 3 5 7 10  3.954  5.877  7.534
587 0 1 5 0 1 1 1 2 152 0 1 1 5.49 0 0 3 0 1 2 5 6 10  3.163  5.290  7.157
588 0 0 0 -1 0 0 0 0 152 0 1 1 5.49 0 0 0 1 1 2 5 7 11  3.530  5.761  7.799
589 0 0 4 0 0 0 1 1 152 0 1 1 5.49 0 0 2 0 1 1 4 6 11  2.824  5.185  7.409
590 1 0 0 1 0 0 0 0 152 0 1 0 3.56 0 0 0 1 1 2 4 7 12  3.259  5.666  8.039
591 0 0 1 -2 1 1 1 1 153 0 1 1 3.47 0 0 1 0 1 1 3 7 12  2.608  5.100  7.637
592 0 1 0 -4 0 0 0 0 153 0 1 1 3.47 0 0 0 1 1 2 3 7 13  3.086  5.590  8.255
593 0 0 5 -2 1 1 1 2 153 0 1 0 4.56 0 0 3 0 1 1 3 6 12  2.457  4.909  7.484
594 1 0 0 -4 0 0 0 0 153 0 1 1 4.75 0 0 0 1 1 2 3 6 13  2.966  5.418  8.110
595 0 1 0 2 1 1 0 0 154 1 1 0 4.79 0 0 0 0 1 1 3 5 12  2.361  4.755  7.346
596 0 0 0 3 0 0 0 0 154 1 1 0 4.79 0 0 0 0 0 1 2 4 11  1.877  4.158  6.620
597 0 0 0 1 0 0 0 0 154 1 1 0 4.79 0 0 0 0 0 0 2 4 10  1.490  3.620  5.930
598 1 0 0 -2 1 1 0 0 154 1 1 0 3.93 0 0 0 0 0 0 1 3 10  1.192  3.258  5.634
599 0 1 0 0 1 1 0 0 155 1 1 1 11.29 0 0 0 0 0 0 1 3 9  0.942  2.811  4.994
600 0 1 0 0 1 1 0 0 155 1 1 1 11.29 0 0 0 0 0 0 0 2 9  0.754  2.530  4.744
601 0 0 5 -2 1 0 1 2 155 1 1 1 11.29 0 0 3 0 0 0 0 2 9  0.603  2.277  4.507
602 1 1 0 -3 0 0 0 0 155 1 1 1 6.53 0 0 0 1 1 1 1 2 9  1.471  2.928  4.923
603 0 0 0 1 1 1 0 0 156 1 1 1 4.93 0 0 0 0 1 1 1 2 8  1.165  2.513  4.318
604 0 1 0 0 1 1 0 0 156 1 1 1 4.93 0 0 0 0 0 1 1 1 7  0.921  2.140  3.744
605 0 0 0 0 1 1 0 0 156 1 1 1 4.93 0 0 0 0 0 0 1 1 6  0.725  1.805  3.198
606 1 0 1 -1 0 0 1 1 156 1 1 1 2.11 0 0 1 0 0 0 1 1 5  0.568  1.503  2.680
607 0 0 0 0 0 0 0 0 157 1 0 1 5.49 0 0 0 1 1 1 2 2 6  1.455  2.352  3.546
608 0 0 1 -1 0 0 1 1 157 1 0 1 5.49 0 0 1 0 1 1 1 2 5  1.152  1.996  3.010
609 0 1 1 1 1 1 1 1 157 1 0 0 3.56 0 0 1 1 1 2 2 3 6  1.922  2.796  3.860
610 1 0 5 2 0 0 1 2 157 1 0 0 4.56 0 0 3 1 2 2 3 4 6  2.526  3.395  4.308
611 0 0 0 0 0 0 0 0 158 0 0 1 3.47 0 0 0 1 2 3 4 5 7  3.021  4.055  5.093
612 0 1 0 3 1 1 0 0 158 0 0 1 3.47 0 0 0 0 1 2 4 4 6  2.405  3.528  4.480
613 0 1 0 3 0 0 0 0 158 0 0 1 3.47 0 0 0 0 0 1 3 4 6  1.924  3.175  4.256
614 1 0 0 5 0 0 0 0 158 0 0 1 4.61 0 0 0 0 0 0 3 4 5  1.528  2.736  3.684
615 1 0 0 8 0 0 0 0 158 0 0 0 2.70 0 0 0 0 0 0 2 4 5  1.222  2.463  3.500
616 0 0 0 0 0 0 0 0 159 0 0 0 3.59 0 0 0 0 0 0 1 4 5  0.978  2.216  3.325
617 0 0 5 0 0 0 1 2 159 0 0 0 3.59 0 0 3 0 0 0 0 3 5  0.782  1.995  3.159
618 1 0 0 0 1 0 0 0 159 0 0 0 3.59 0 0 0 1 1 1 1 4 6  1.626  2.795  4.001
619 1 1 0 2 1 1 0 0 159 0 0 0 3.59 0 0 0 0 1 1 1 3 6  1.301  2.516  3.801
620 0 0 0 2 0 0 0 0 162 0 1 0 2.67 0 0 0 0 0 1 1 2 6  1.040  2.264  3.611
621 0 0 5 1 1 0 1 2 162 0 1 0 2.67 0 0 3 0 0 0 1 1 6  0.832  2.038  3.430
