1 0 0 0 0 0 0 0 0 1 0 0 0 3.88 1 0 0 . . . . . . . . .
2 0 1 0 -3 1 1 0 0 1 0 0 0 3.88 1 0 0 0 . . . . . . . .
3 0 0 0 -3 0 0 0 0 1 0 0 0 3.88 1 0 0 0 0 . . . . . . .
4 1 0 2 -2 0 0 1 1 1 0 0 0 3.88 1 0 2 0 0 0 . . . . . .
5 1 0 5 -2 1 1 1 2 1 0 0 0 4.44 1 0 3 1 1 1 . . . . . .
6 0 0 5 0 0 0 1 2 2 0 0 1 4.29 1 0 3 1 2 2 . . . . . .
7 0 1 0 -2 0 0 0 0 2 0 0 1 4.29 1 0 0 1 2 3 3 . . . . .
8 0 1 5 -2 1 1 1 2 2 0 0 1 4.29 1 0 3 0 1 2 3 . . . . .
9 1 0 6 -2 1 1 1 2 2 0 0 1 4.29 1 0 3 1 1 2 4 . . . . .
10 1 1 0 -2 0 0 0 0 2 0 0 0 4.44 1 0 0 1 2 2 5 . . . . .
11 0 0 0 0 0 0 0 0 3 1 1 0 3.73 0 0 0 0 1 2 4 5 . . . .
12 0 0 0 -1 0 0 0 0 3 1 1 0 3.73 0 0 0 0 0 1 3 5 . . . .
13 0 0 0 -1 1 1 0 0 3 1 1 0 3.73 0 0 0 0 0 0 2 5 . . . .
14 0 0 1 -2 1 0 1 1 3 1 1 0 3.56 0 0 1 0 0 0 2 5 . . . .
15 1 0 0 -2 0 0 0 0 3 1 1 0 3.82 0 0 0 1 1 1 2 5 . . . .
16 0 0 0 1 0 0 0 0 4 0 1 1 4.32 0 0 0 0 1 1 1 4 . . . .
17 0 0 0 2 1 1 0 0 4 0 1 1 4.32 0 0 0 0 0 1 1 3 . . . .
18 0 0 0 4 1 0 0 0 4 0 1 1 4.32 0 0 0 0 0 0 1 3 . . . .
19 1 0 5 5 1 1 1 2 4 0 1 1 4.47 0 0 3 0 0 0 1 2 . . . .
20 0 0 5 0 0 0 1 2 6 0 1 1 3.88 0 0 3 1 1 1 2 2 . . . .
21 0 0 0 -1 0 0 0 0 6 0 1 1 3.88 0 0 0 1 2 2 2 3 8  2.324  3.648  5.185
22 0 0 1 3 0 0 1 1 6 0 1 1 3.88 0 0 1 0 1 2 2 3 8  1.859  3.283  4.926
23 1 1 0 1 0 0 0 0 6 0 1 0 3.82 0 0 0 1 1 2 3 4 9  2.487  3.955  5.680
24 1 1 0 4 1 0 0 0 6 0 1 0 3.82 0 0 0 0 1 1 3 4 9  1.990  3.559  5.396
25 0 0 0 0 0 0 0 0 7 0 0 0 3.00 1 0 0 0 0 1 3 3 8  1.580  3.082  4.768
26 0 0 0 1 0 0 0 0 7 0 0 0 3.00 1 0 0 0 0 0 2 3 7  1.253  2.652  4.171
27 0 1 0 1 1 1 0 0 7 0 0 0 3.00 1 0 0 0 0 0 1 3 6  0.991  2.265  3.604
28 1 0 0 1 0 0 0 0 7 0 0 1 3.53 1 0 0 0 0 0 1 3 6  0.793  2.039  3.423
29 1 0 0 0 1 0 0 0 7 0 0 1 3.53 1 0 0 0 0 0 0 3 5  0.623  1.713  2.894
30 0 0 1 0 0 0 1 1 8 0 0 1 5.38 1 0 1 0 0 0 0 2 4  0.486  1.420  2.391
31 0 0 0 1 0 0 0 0 8 0 0 1 5.38 1 0 0 1 1 1 1 2 5  1.389  2.278  3.271
32 0 1 0 1 1 0 0 0 8 0 0 1 5.38 1 0 0 0 1 1 1 2 5  1.111  2.050  3.108
33 1 0 0 5 0 0 0 0 8 0 0 0 3.15 1 0 0 0 0 1 1 1 5  0.889  1.845  2.952
34 1 0 2 5 0 0 1 1 8 0 0 1 5.94 1 0 2 0 0 0 1 1 5  0.711  1.661  2.805
35 0 0 0 0 0 0 0 0 9 1 1 0 4.39 0 0 0 1 1 1 2 2 5  1.557  2.373  3.306
36 0 0 0 0 0 0 0 0 9 1 1 0 4.39 0 0 0 0 1 1 2 2 5  1.246  2.136  3.141
37 0 0 0 1 0 0 0 0 9 1 1 0 4.39 0 0 0 0 0 1 1 2 5  0.997  1.922  2.984
38 1 1 5 1 0 0 1 2 9 1 1 1 4.20 0 0 3 0 0 0 1 2 5  0.797  1.730  2.834
39 1 0 0 0 0 0 0 0 9 1 1 0 4.06 0 0 0 1 1 1 2 3 6  1.638  2.557  3.693
40 1 0 5 3 0 0 1 2 10 0 1 1 2.83 0 0 3 0 1 1 2 3 5  1.299  2.180  3.150
41 1 0 0 2 1 0 0 0 10 0 1 1 3.09 0 0 0 1 1 2 2 3 5  2.028  2.840  3.634
42 0 0 3 0 0 0 1 1 11 0 1 0 4.35 0 0 2 0 1 1 2 3 5  1.622  2.556  3.452
43 0 0 1 -1 0 0 1 1 11 0 1 0 4.35 0 0 1 1 1 2 3 4 5  2.286  3.179  3.921
44 0 0 0 0 1 1 0 0 11 0 1 0 4.35 0 0 0 1 2 2 4 5 6  2.829  3.861  4.725
45 1 1 0 -1 1 1 0 0 11 0 1 0 4.35 0 0 0 0 1 2 3 4 6  2.263  3.475  4.489
46 0 0 2 1 0 0 1 1 12 0 1 1 3.60 0 0 2 0 0 1 3 4 6  1.810  3.127  4.264
47 0 1 0 1 1 1 0 0 12 0 1 1 3.60 0 0 0 1 1 1 3 5 7  2.448  3.815  5.051
48 0 0 5 -2 0 0 1 2 12 0 1 0 3.20 0 0 3 0 1 1 3 5 7  1.959  3.433  4.798
49 0 0 0 -3 1 1 0 0 12 0 1 1 3.22 0 0 0 1 1 2 3 5 8  2.567  4.090  5.558
50 1 1 0 -3 0 0 0 0 12 0 1 1 3.46 0 0 0 0 1 1 2 5 8  2.054  3.681  5.280
51 0 0 0 0 0 0 0 0 13 1 1 0 3.88 0 0 0 0 0 1 2 4 7  1.631  3.191  4.658
52 0 0 1 0 1 1 1 1 13 1 1 0 3.88 0 0 1 0 0 0 2 4 7  1.305  2.872  4.425
53 0 1 0 4 0 0 0 0 13 1 1 0 3.88 0 0 0 1 1 1 2 4 8  2.044  3.585  5.204
54 1 0 4 5 1 1 1 1 13 1 1 0 3.88 0 0 2 0 1 1 2 3 8  1.635  3.226  4.944
55 0 0 0 0 0 0 0 0 14 1 1 1 4.29 0 0 0 1 1 2 2 4 8  2.297  3.782  5.338
56 0 0 0 2 0 0 0 0 14 1 1 1 4.29 0 0 0 0 1 1 2 4 8  1.837  3.404  5.071
57 0 0 1 6 0 0 1 1 14 1 1 1 4.29 0 0 1 0 0 1 2 3 8  1.470  3.064  4.818
58 1 1 3 4 1 1 1 1 14 1 1 0 3.20 0 0 2 1 1 1 3 4 9  2.176  3.757  5.577
59 1 0 4 3 1 0 1 1 14 1 1 1 3.71 0 0 2 1 2 2 3 4 9  2.729  4.260  5.939
60 0 0 0 0 0 0 0 0 15 1 0 0 4.22 0 0 0 1 2 3 4 5 10  3.183  4.834  6.642
61 0 0 1 -3 0 0 1 1 15 1 0 0 4.22 0 0 1 0 1 2 3 5 9  2.535  4.229  5.952
62 0 1 1 -3 1 0 1 1 15 1 0 0 4.22 0 0 1 1 1 2 4 6 10  3.028  4.806  6.654
63 1 1 5 -3 1 1 1 2 15 1 0 0 4.22 0 0 3 1 2 2 5 6 10  3.411  5.204  6.963
64 1 0 0 -2 1 1 0 0 15 1 0 1 3.09 0 0 0 1 2 3 5 7 10  3.717  5.562  7.256
65 0 0 0 0 0 0 0 0 16 0 0 0 4.35 0 0 0 0 1 2 4 6 10  2.974  5.006  6.894
66 0 1 0 -5 1 0 0 0 16 0 0 0 4.35 0 0 0 0 0 1 3 6 10  2.379  4.505  6.549
67 0 1 5 -5 1 1 1 2 16 0 0 0 4.35 0 0 3 0 0 0 3 6 9  1.892  3.933  5.863
68 1 0 5 -3 1 1 1 2 16 0 0 0 4.06 0 0 3 1 1 1 3 6 10  2.513  4.540  6.570
69 1 0 0 -2 1 0 0 0 16 0 0 1 2.83 0 0 0 1 2 2 3 6 10  2.999  4.964  6.883
70 0 0 0 0 0 0 0 0 17 1 1 0 3.98 0 0 0 0 1 2 2 5 10  2.399  4.468  6.539
71 0 0 0 -1 1 0 0 0 17 1 1 0 3.98 0 0 0 0 0 1 2 5 10  1.919  4.021  6.212
72 0 0 0 -3 0 0 0 0 17 1 1 0 3.98 0 0 0 0 0 0 2 4 10  1.536  3.619  5.901
73 1 1 0 -2 1 1 0 0 17 1 1 1 3.89 0 0 0 0 0 0 2 3 9  1.217  3.135  5.248
74 0 0 0 0 0 0 0 0 18 1 1 1 3.22 0 0 0 0 0 0 1 2 9  0.974  2.822  4.985
75 0 1 0 2 0 0 0 0 18 1 1 1 3.22 0 0 0 0 0 0 0 2 8  0.767  2.418  4.377
76 0 0 0 6 0 0 0 0 18 1 1 1 3.22 0 0 0 0 0 0 0 2 8  0.614  2.176  4.159
77 1 1 0 10 1 1 0 0 18 1 1 1 2.76 0 0 0 0 0 0 0 2 8  0.491  1.959  3.951
78 0 0 0 0 0 0 0 0 21 1 1 1 3.63 0 0 0 0 0 0 0 1 7  0.381  1.641  3.395
79 0 0 5 0 1 1 1 2 21 1 1 1 3.63 0 0 3 0 0 0 0 0 6  0.294  1.356  2.866
80 0 1 0 0 1 1 0 0 21 1 1 1 3.63 0 0 0 1 1 1 1 1 6  1.223  2.098  3.365
81 1 1 0 0 1 1 0 0 21 1 1 1 3.63 0 0 0 0 1 1 1 1 6  0.979  1.889  3.196
82 0 0 5 -2 0 0 1 2 22 1 0 1 6.18 1 0 3 0 0 1 1 1 5  0.771  1.578  2.678
83 0 1 2 -4 1 0 1 1 22 1 0 1 6.18 1 0 2 1 1 1 2 2 5  1.606  2.299  3.186
84 0 1 0 -4 1 0 0 0 22 1 0 1 6.18 1 0 0 1 2 2 3 3 5  2.273  2.947  3.668
85 1 0 5 -4 1 0 1 2 22 1 0 0 3.83 1 0 3 0 1 2 3 3 5  1.818  2.653  3.485
86 1 0 0 -4 1 1 0 0 22 1 0 1 3.72 1 0 0 1 1 2 3 4 6  2.455  3.387  4.310
87 0 0 0 0 0 0 0 0 23 1 0 1 3.84 1 0 0 0 1 1 3 4 6  1.964  3.049  4.095
88 0 0 0 5 0 0 0 0 23 1 0 1 3.84 1 0 0 0 0 1 3 4 5  1.559  2.622  3.532
89 0 0 1 1 0 0 1 1 23 1 0 1 4.14 1 0 1 0 0 0 2 4 4  1.236  2.238  2.996
90 1 0 1 1 0 0 1 1 23 1 0 1 3.12 1 0 1 1 1 1 2 4 5  1.989  3.015  3.847
91 1 0 4 3 0 0 1 1 23 1 0 1 3.16 1 0 2 1 2 2 3 5 6  2.591  3.713  4.654
92 0 0 0 0 0 0 0 0 24 1 0 1 3.06 1 0 0 1 2 3 3 6 7  3.073  4.342  5.422
93 0 1 0 1 1 1 0 0 24 1 0 1 3.06 1 0 0 0 1 2 3 5 7  2.458  3.908  5.151
94 0 0 0 0 0 0 0 0 24 1 0 1 3.06 1 0 0 0 0 1 3 4 7  1.967  3.517  4.893
95 1 0 1 -1 0 0 1 1 24 1 0 1 3.06 1 0 1 0 0 0 3 4 7  1.573  3.165  4.648
96 0 0 0 0 0 0 0 0 25 1 0 0 4.59 1 0 0 1 1 1 3 4 8  2.259  3.849  5.416
97 0 0 0 -1 1 1 0 0 25 1 0 0 4.59 1 0 0 0 1 1 2 4 8  1.807  3.464  5.145
98 0 0 0 -6 0 0 0 0 25 1 0 0 4.59 1 0 0 0 0 1 1 4 8  1.446  3.117  4.888
99 1 1 0 -4 1 1 0 0 25 1 0 0 4.59 1 0 0 0 0 0 1 4 8  1.156  2.806  4.643
100 0 0 5 0 0 0 1 2 26 1 0 1 3.63 1 0 3 0 0 0 1 3 7  0.914  2.404  4.053
101 0 0 0 0 0 0 0 0 26 1 0 1 3.63 1 0 0 1 1 1 2 3 8  1.731  3.163  4.850
102 0 0 0 -4 0 0 0 0 26 1 0 1 3.63 1 0 0 0 1 1 1 2 8  1.385  2.847  4.608
103 1 0 1 -2 0 0 1 1 26 1 0 1 3.22 1 0 1 0 0 1 1 2 7  1.096  2.441  4.019
104 0 0 2 0 0 0 1 1 27 0 0 1 4.80 1 0 2 1 1 1 2 3 7  1.865  3.075  4.459
105 0 0 1 1 1 0 1 1 27 0 0 1 4.80 1 0 1 1 2 2 3 4 8  2.492  3.767  5.236
106 0 0 0 3 0 0 0 0 27 0 0 1 4.80 1 0 0 1 2 3 4 4 8  2.982  4.269  5.616
107 1 0 0 -4 0 0 0 0 27 0 0 0 3.58 1 0 0 0 1 2 3 4 8  2.386  3.842  5.335
108 1 0 5 -5 0 0 1 2 27 0 0 0 3.58 1 0 3 0 0 1 3 4 8  1.909  3.458  5.069
109 0 0 0 0 0 0 0 0 28 0 0 1 4.24 1 0 0 1 1 1 4 5 9  2.527  4.112  5.815
110 0 0 0 -1 0 0 0 0 28 0 0 1 4.24 1 0 0 0 1 1 3 5 8  2.010  3.579  5.166
111 0 1 0 -1 0 0 0 0 28 0 0 1 4.24 1 0 0 0 0 1 2 4 7  1.597  3.100  4.549
112 1 0 2 0 0 0 1 1 28 0 0 1 2.85 1 0 2 0 0 0 1 4 6  1.266  2.668  3.963
113 1 1 0 0 1 1 0 0 28 0 0 1 3.22 1 0 0 1 1 1 2 5 7  2.013  3.401  4.765
114 1 0 3 0 0 0 1 1 28 0 0 1 3.22 1 0 2 0 1 1 2 4 7  1.610  3.061  4.527
115 0 0 1 2 0 0 1 1 29 1 1 1 5.05 0 0 1 1 1 2 2 4 8  2.288  3.755  5.300
116 0 1 4 1 1 1 1 1 29 1 1 1 5.05 0 0 2 1 2 2 3 4 8  2.819  4.258  5.677
117 0 1 0 -1 0 0 0 0 29 1 1 1 5.05 0 0 0 1 2 3 4 5 9  3.255  4.832  6.393
118 0 1 5 0 1 1 1 2 29 1 1 1 5.05 0 0 3 0 1 2 4 5 9  2.604  4.349  6.073
119 1 0 1 -2 1 0 1 1 29 1 1 1 6.18 0 0 1 1 1 2 4 5 10  3.083  4.914  6.770
120 1 1 0 -7 1 1 0 0 29 1 1 1 6.18 0 0 0 1 2 2 5 6 11  3.467  5.423  7.431
121 0 0 0 0 0 0 0 0 30 1 1 0 3.43 0 0 0 0 1 2 4 6 10  2.762  4.759  6.701
122 0 0 0 0 1 0 0 0 30 1 1 0 3.43 0 0 0 0 0 1 3 6 10  2.209  4.283  6.366
123 0 0 5 0 0 0 1 2 30 1 1 0 3.43 0 0 3 0 0 0 2 5 10  1.768  3.855  6.048
124 0 1 4 3 1 1 1 1 30 1 1 0 3.83 0 0 2 1 1 1 3 6 10  2.402  4.348  6.387
125 1 1 5 -3 1 1 1 2 30 1 1 1 3.16 0 0 3 1 2 2 3 6 10  2.910  4.791  6.709
126 0 0 5 0 0 0 1 2 31 1 1 1 3.84 0 0 3 1 2 3 3 6 10  3.317  5.191  7.015
127 0 0 0 2 0 0 0 0 31 1 1 1 3.84 0 0 0 1 2 3 4 6 11  3.653  5.672  7.664
128 0 0 0 -1 0 0 0 0 31 1 1 1 3.84 0 0 0 0 1 2 4 6 11  2.923  5.104  7.281
129 0 1 5 -1 1 1 1 2 31 1 1 1 3.84 0 0 3 0 0 1 4 5 10  2.327  4.472  6.559
130 1 0 0 -6 1 1 0 0 31 1 1 1 3.72 0 0 0 1 1 1 4 5 11  2.861  5.025  7.231
131 0 0 0 0 0 0 0 0 32 1 1 1 4.23 0 0 0 0 1 1 3 5 11  2.289  4.523  6.869
132 0 0 0 3 1 0 0 0 32 1 1 1 4.23 0 0 0 0 0 1 2 5 11  1.831  4.070  6.526
133 0 0 0 1 1 1 0 0 32 1 1 1 4.23 0 0 0 0 0 0 1 5 10  1.453  3.542  5.841
134 1 1 0 0 1 0 0 0 32 1 1 0 5.10 0 0 0 0 0 0 1 4 10  1.163  3.188  5.549
135 1 0 0 6 1 1 0 0 32 1 1 1 4.16 0 0 0 0 0 0 1 3 9  0.919  2.747  4.913
136 0 0 1 1 1 0 1 1 33 1 1 1 5.32 0 0 1 0 0 0 0 2 8  0.723  2.351  4.309
137 0 0 0 0 0 0 0 0 35 1 1 1 3.23 0 0 0 1 1 1 1 2 8  1.567  2.994  4.735
138 0 0 0 2 1 1 0 0 35 1 1 1 3.23 0 0 0 0 1 1 1 2 8  1.254  2.695  4.498
139 0 1 0 3 0 0 0 0 35 1 1 1 3.23 0 0 0 0 0 1 1 2 7  0.991  2.304  3.915
140 1 0 0 3 0 0 0 0 35 1 1 1 3.23 0 0 0 0 0 0 1 1 6  0.782  1.952  3.361
141 0 0 0 0 0 0 0 0 36 1 1 0 4.62 0 0 0 0 0 0 1 1 6  0.625  1.757  3.193
142 0 0 0 -1 0 0 0 0 36 1 1 0 4.62 0 0 0 0 0 0 1 1 6  0.500  1.581  3.033
143 0 0 0 -2 0 0 0 0 36 1 1 1 4.50 0 0 0 0 0 0 0 1 6  0.400  1.423  2.881
144 1 0 5 0 1 1 1 2 36 1 1 0 5.55 0 0 3 0 0 0 0 1 5  0.309  1.159  2.379
145 0 0 5 0 0 0 1 2 37 1 1 1 3.59 0 0 3 1 1 1 1 2 5  1.235  1.922  2.901
146 0 1 0 -1 1 0 0 0 37 1 1 1 3.59 0 0 0 1 2 2 2 3 5  1.977  2.608  3.398
147 0 0 0 -2 0 0 0 0 37 1 1 1 3.59 0 0 0 0 1 2 2 2 4  1.570  2.225  2.869
148 0 0 4 -1 1 0 1 1 37 1 1 1 3.59 0 0 2 0 0 1 2 2 4  1.256  2.003  2.726
149 1 1 0 -2 0 0 0 0 37 1 1 0 5.55 0 0 0 1 1 1 3 3 5  2.005  2.803  3.590
150 0 0 3 0 0 0 1 1 38 1 0 0 7.61 0 0 2 0 1 1 3 3 4  1.592  2.401  3.052
151 0 0 0 0 0 0 0 0 38 1 0 0 7.61 0 0 0 1 1 2 3 4 5  2.274  3.161  3.899
152 0 0 1 0 0 0 1 1 38 1 0 0 7.61 0 0 1 0 1 1 2 4 5  1.819  2.845  3.704
153 1 1 0 1 0 0 0 0 38 1 0 1 3.68 0 0 0 1 1 2 3 5 6  2.455  3.560  4.519
154 0 0 0 0 0 0 0 0 39 1 0 1 6.13 0 0 0 0 1 1 3 5 6  1.964  3.204  4.293
155 0 0 0 0 1 0 0 0 39 1 0 1 6.13 0 0 0 0 0 1 2 4 6  1.571  2.884  4.078
156 0 0 0 2 0 0 0 0 39 1 0 1 6.13 0 0 0 0 0 0 2 3 6  1.257  2.595  3.874
157 1 0 2 1 0 0 1 1 39 1 0 0 3.04 0 0 2 0 0 0 1 3 5  0.994  2.214  3.322
158 1 1 0 1 0 0 0 0 39 1 0 1 2.30 0 0 0 1 1 1 2 4 6  1.795  2.993  4.156
159 0 0 0 0 1 0 0 0 40 0 0 0 5.02 0 0 0 0 1 1 1 3 6  1.436  2.694  3.948
160 0 0 0 4 1 1 0 0 40 0 0 0 5.02 0 0 0 0 0 1 1 3 6  1.149  2.424  3.751
161 0 1 2 3 1 1 1 1 40 0 0 0 5.02 0 0 2 0 0 0 1 2 6  0.919  2.182  3.563
162 0 0 0 5 0 0 0 0 40 0 0 0 4.37 0 0 0 1 1 1 2 3 7  1.735  2.964  4.385
163 1 0 0 5 0 0 0 0 40 0 0 0 2.52 0 0 0 0 1 1 2 2 7  1.388  2.667  4.166
164 0 0 0 0 0 0 0 0 41 1 0 0 4.62 0 0 0 0 0 1 1 2 7  1.111  2.401  3.958
165 0 0 0 0 0 0 0 0 41 1 0 0 4.62 0 0 0 0 0 0 1 2 6  0.877  2.039  3.401
166 0 1 0 -1 1 0 0 0 41 1 0 0 4.62 0 0 0 0 0 0 1 2 5  0.690  1.713  2.873
167 1 1 0 -4 0 0 0 0 41 1 0 0 4.62 0 0 0 0 0 0 1 2 5  0.552  1.542  2.729
168 0 0 0 0 0 0 0 0 42 1 0 1 3.59 0 0 0 0 0 0 0 1 5  0.442  1.388  2.593
169 0 0 2 -1 0 0 1 1 42 1 0 1 3.59 0 0 2 0 0 0 0 1 4  0.342  1.128  2.104
170 0 0 5 -1 0 0 1 2 42 1 0 1 3.59 0 0 3 1 1 1 1 2 5  1.273  2.015  2.999
171 1 0 1 -6 0 0 1 1 42 1 0 0 5.55 0 0 1 1 2 2 2 3 5  2.007  2.692  3.491
172 0 1 0 0 0 0 0 0 43 1 0 1 2.76 0 0 0 1 2 3 3 3 6  2.606  3.423  4.316
173 0 0 1 -1 0 0 1 1 43 1 0 1 2.76 0 0 1 0 1 2 3 3 5  2.073  2.959  3.742
174 1 0 0 1 0 0 0 0 43 1 0 1 4.50 0 0 0 1 1 2 4 4 6  2.658  3.663  4.555
175 0 0 0 1 0 0 0 0 44 1 1 1 6.13 0 0 0 0 1 1 4 4 6  2.127  3.297  4.327
176 0 0 1 1 1 1 1 1 44 1 1 1 6.13 0 0 1 0 0 1 3 4 6  1.701  2.967  4.111
177 0 0 1 2 1 0 1 1 44 1 1 0 4.37 0 0 1 1 1 1 3 5 7  2.361  3.670  4.905
178 0 1 0 3 1 0 0 0 44 1 1 0 3.04 0 0 0 1 2 2 3 6 7  2.877  4.182  5.301
179 1 0 1 5 1 0 1 1 44 1 1 1 2.30 0 0 1 0 1 2 3 6 7  2.302  3.763  5.036
180 0 0 0 0 0 0 0 0 45 1 1 1 4.85 0 0 0 1 1 2 3 6 8  2.842  4.387  5.785
181 0 0 3 3 0 0 1 1 45 1 1 1 4.85 0 0 2 0 1 1 3 5 8  2.273  3.948  5.495
182 0 0 0 5 0 0 0 0 45 1 1 1 4.85 0 0 0 1 1 2 4 5 8  2.807  4.432  5.862
183 1 0 1 5 0 0 1 1 45 1 1 1 4.85 0 0 1 0 1 1 3 5 8  2.246  3.989  5.569
184 0 0 0 2 0 0 0 0 46 0 1 1 4.50 0 0 0 1 1 2 3 5 9  2.797  4.590  6.291
185 0 1 0 1 1 1 0 0 46 0 1 1 4.50 0 0 0 0 1 1 3 5 9  2.237  4.131  5.976
186 0 0 2 1 0 0 1 1 46 0 1 1 4.50 0 0 2 0 0 1 2 5 9  1.790  3.718  5.677
187 1 0 0 3 0 0 0 0 46 0 1 1 4.50 0 0 0 1 1 1 3 5 10  2.432  4.346  6.393
188 1 1 0 3 1 1 0 0 46 0 1 0 2.52 0 0 0 0 1 1 2 4 10  1.945  3.911  6.074
189 0 0 1 0 0 0 1 1 47 1 0 1 4.98 1 0 1 0 0 1 2 4 10  1.556  3.520  5.770
190 0 0 0 0 1 1 0 0 47 1 0 1 4.98 1 0 0 1 1 1 2 4 10  2.234  4.047  6.123
191 0 0 0 1 0 0 0 0 47 1 0 1 4.98 1 0 0 0 1 1 2 4 9  1.775  3.520  5.458
192 1 1 2 1 1 0 1 1 47 1 0 1 4.98 1 0 2 0 0 1 2 3 8  1.409  3.047  4.827
193 1 0 0 3 1 0 0 0 47 1 0 0 5.10 1 0 0 1 1 1 2 4 9  2.127  3.742  5.586
194 0 0 0 0 0 0 0 0 48 1 0 1 4.90 1 0 0 0 1 1 2 3 8  1.690  3.246  4.948
195 0 0 0 1 0 0 0 0 48 1 0 1 4.90 1 0 0 0 0 1 2 3 8  1.352  2.922  4.700
196 0 0 1 1 0 0 1 1 48 1 0 1 4.90 1 0 1 0 0 0 1 3 8  1.082  2.630  4.465
197 1 0 0 2 1 0 0 0 48 1 0 1 4.16 1 0 0 1 1 1 2 3 8  1.854  3.245  4.884
198 1 1 0 4 1 1 0 0 48 1 0 1 4.16 1 0 0 0 1 1 2 3 7  1.471  2.799  4.281
199 1 1 0 -5 0 0 0 0 49 0 0 1 3.91 1 0 0 0 0 1 1 3 7  1.177  2.519  4.067
200 0 0 0 0 0 0 0 0 50 1 0 1 3.21 1 0 0 0 0 0 1 2 6  0.930  2.146  3.505
201 0 0 0 -2 1 1 0 0 50 1 0 1 3.21 1 0 0 0 0 0 1 2 6  0.744  1.931  3.330
202 0 1 0 -1 0 0 0 0 50 1 0 1 3.21 1 0 0 0 0 0 1 2 5  0.584  1.616  2.805
203 1 1 0 -2 1 1 0 0 50 1 0 0 4.44 1 0 0 0 0 0 0 1 5  0.467  1.455  2.665
204 1 0 0 -4 1 1 0 0 50 1 0 0 4.44 1 0 0 0 0 0 0 1 4  0.362  1.188  2.173
205 0 0 0 0 0 0 0 0 51 0 0 0 3.81 1 0 0 0 0 0 0 1 4  0.290  1.069  2.064
206 0 0 5 -2 0 0 1 2 51 0 0 0 3.81 1 0 3 0 0 0 0 1 4  0.232  0.962  1.961
207 0 1 1 -1 1 1 1 1 51 0 0 0 3.81 1 0 1 1 1 1 1 1 4  1.174  1.744  2.505
208 1 0 0 -2 0 0 0 0 51 0 0 1 4.16 1 0 0 1 2 2 2 2 5  1.939  2.570  3.379
209 0 0 1 0 0 0 1 1 52 0 0 1 4.11 1 0 1 0 1 2 2 2 5  1.551  2.313  3.210
210 0 1 0 -1 0 0 0 0 52 0 0 1 4.11 1 0 0 1 1 2 3 3 5  2.229  2.960  3.691
211 0 1 0 -1 1 1 0 0 52 0 0 1 4.11 1 0 0 0 1 1 3 3 5  1.784  2.664  3.507
212 1 1 0 1 1 1 0 0 52 0 0 0 3.96 1 0 0 0 0 1 3 3 5  1.427  2.398  3.331
213 1 1 0 0 0 0 0 0 52 0 0 0 4.44 1 0 0 0 0 0 2 3 4  1.130  2.036  2.806
214 0 0 0 0 0 0 0 0 53 0 0 1 6.75 1 0 0 0 0 0 1 3 4  0.904  1.833  2.666
215 0 0 0 1 1 1 0 0 53 0 0 1 6.75 1 0 0 0 0 0 1 3 4  0.723  1.649  2.533
216 0 0 0 0 1 1 0 0 53 0 0 0 3.96 1 0 0 0 0 0 0 3 4  0.579  1.484  2.406
217 0 1 5 -2 0 0 1 2 53 0 0 0 3.96 1 0 3 0 0 0 0 2 3  0.451  1.214  1.927
218 1 0 0 1 0 0 0 0 53 0 0 1 4.16 1 0 0 1 1 1 1 2 4  1.361  2.093  2.831
219 1 0 0 1 0 0 0 0 53 0 0 1 3.46 1 0 0 0 1 1 1 2 4  1.089  1.884  2.689
220 0 0 0 0 0 0 0 0 54 1 0 0 4.52 0 0 0 0 0 1 1 1 4  0.871  1.695  2.555
221 0 0 0 -3 0 0 0 0 54 1 0 0 4.52 0 0 0 0 0 0 1 1 4  0.697  1.526  2.427
222 0 0 0 -3 0 0 0 0 54 1 0 0 4.52 0 0 0 0 0 0 1 1 4  0.557  1.373  2.306
223 1 0 0 -7 1 0 0 0 54 1 0 0 4.52 0 0 0 0 0 0 1 1 4  0.446  1.236  2.191
224 0 0 1 0 0 0 1 1 55 1 0 1 4.64 0 0 1 0 0 0 0 1 4  0.357  1.112  2.081
225 0 1 2 0 1 1 1 1 55 1 0 1 4.72 0 0 2 1 1 1 1 2 5  1.285  2.001  2.977
226 0 0 6 7 1 1 1 2 55 1 0 1 3.86 0 0 3 1 2 2 2 3 6  2.028  2.801  3.828
227 0 1 1 8 0 0 1 1 55 1 0 1 4.42 0 0 1 1 2 3 3 4 6  2.611  3.399  4.278
228 1 0 1 8 0 0 1 1 55 1 0 0 3.44 0 0 1 1 2 3 4 4 6  3.077  3.938  4.706
229 0 0 0 0 0 0 0 0 56 1 0 1 3.30 0 0 0 1 2 3 5 5 7  3.462  4.544  5.471
230 0 0 0 2 0 0 0 0 56 1 0 1 3.30 0 0 0 0 1 2 5 5 6  2.758  3.968  4.839
231 0 0 0 -1 0 0 0 0 56 1 0 1 3.30 0 0 0 0 0 1 4 5 6  2.206  3.571  4.597
232 1 1 4 -1 0 0 1 1 56 1 0 1 1.19 0 0 2 0 0 0 3 5 6  1.765  3.214  4.367
233 1 0 0 0 0 0 0 0 56 1 0 0 3.44 0 0 0 1 1 1 3 6 7  2.412  3.893  5.148
234 0 0 0 1 0 0 0 0 57 1 1 0 3.81 0 0 0 0 1 1 2 6 7  1.930  3.503  4.891
235 0 1 0 1 0 0 0 0 57 1 1 0 3.81 0 0 0 0 0 1 1 5 7  1.544  3.153  4.646
236 0 0 1 9 0 0 1 1 57 1 1 0 3.81 0 0 1 0 0 0 1 4 7  1.235  2.838  4.414
237 1 0 3 9 0 0 1 1 57 1 1 0 3.81 0 0 2 1 1 1 2 4 8  1.988  3.554  5.193
238 0 0 0 0 0 0 0 0 58 0 1 1 4.29 0 0 0 1 2 2 3 4 8  2.579  4.077  5.575
239 0 0 0 1 0 0 0 0 58 0 1 1 4.29 0 0 0 0 1 2 2 3 8  2.063  3.669  5.297
240 0 0 0 1 1 1 0 0 58 0 1 1 4.29 0 0 0 0 0 1 2 3 8  1.650  3.302  5.032
241 1 1 1 0 1 1 1 1 58 0 1 0 3.96 0 0 1 0 0 0 2 3 8  1.320  2.972  4.780
242 0 0 0 0 0 0 0 0 59 0 1 1 4.11 0 0 0 1 1 1 3 4 9  2.056  3.675  5.541
243 0 0 0 0 1 0 0 0 59 0 1 1 3.16 0 0 0 0 1 1 2 3 9  1.645  3.307  5.264
244 0 0 0 4 0 0 0 0 59 0 1 1 3.46 0 0 0 0 0 1 1 3 9  1.316  2.977  5.001
245 1 0 0 4 1 0 0 0 59 0 1 1 3.46 0 0 0 0 0 0 1 3 8  1.041  2.557  4.392
246 1 1 0 4 1 1 0 0 59 0 1 0 4.44 0 0 0 0 0 0 1 3 7  0.822  2.180  3.814
247 0 0 5 0 0 0 1 2 61 1 0 0 5.53 0 0 3 0 0 0 1 2 6  0.646  1.841  3.265
248 0 1 5 1 1 0 1 2 61 1 0 1 4.47 0 0 3 1 1 1 1 2 6  1.505  2.535  3.743
249 0 0 0 0 1 0 0 0 61 1 0 1 4.47 0 0 0 1 2 2 2 3 6  2.192  3.160  4.198
250 1 0 2 -10 0 0 1 1 61 1 0 0 3.82 0 0 2 0 1 2 2 3 6  1.754  2.844  3.988
251 1 1 0 -10 1 1 0 0 61 1 0 0 3.82 0 0 0 1 1 2 3 4 7  2.403  3.559  4.788
252 0 0 0 0 0 0 0 0 62 1 0 1 4.32 0 0 0 0 1 1 3 3 7  1.923  3.204  4.549
253 0 1 0 0 0 0 0 0 62 1 0 1 4.32 0 0 0 0 0 1 3 3 6  1.527  2.762  3.963
254 0 0 0 2 0 0 0 0 62 1 0 1 4.32 0 0 0 0 0 0 2 3 6  1.221  2.485  3.765
255 0 1 1 3 1 1 1 1 62 1 0 0 2.66 0 0 1 0 0 0 1 3 6  0.977  2.237  3.577
256 1 0 0 4 0 0 0 0 62 1 0 0 3.56 0 0 0 1 1 1 2 4 7  1.782  3.013  4.398
257 0 0 0 0 0 0 0 0 63 1 0 1 4.84 0 0 0 0 1 1 1 4 6  1.414  2.590  3.819
258 0 0 0 1 0 0 0 0 63 1 0 1 4.84 0 0 0 0 0 1 1 3 5  1.119  2.210  3.270
259 0 0 0 -2 0 0 0 0 63 1 0 1 4.84 0 0 0 0 0 0 1 2 5  0.896  1.989  3.106
260 1 0 0 -1 0 0 0 0 63 1 0 0 3.82 0 0 0 0 0 0 1 2 5  0.716  1.790  2.951
261 1 0 0 -1 1 1 0 0 63 1 0 1 2.66 0 0 0 0 0 0 1 1 5  0.573  1.611  2.804
262 0 0 1 0 0 0 1 1 64 0 0 1 3.53 1 0 1 0 0 0 0 1 4  0.447  1.328  2.305
263 0 0 0 1 0 0 0 0 64 0 0 1 3.53 1 0 0 1 1 1 1 2 5  1.358  2.195  3.190
264 0 1 0 4 1 1 0 0 64 0 0 1 3.53 1 0 0 0 1 1 1 2 5  1.086  1.976  3.030
265 1 1 0 4 0 0 0 0 64 0 0 1 3.53 1 0 0 0 0 1 1 2 5  0.869  1.778  2.879
266 0 0 4 0 0 0 1 1 65 0 0 1 5.61 1 0 2 0 0 0 1 1 5  0.695  1.600  2.735
267 0 1 0 1 1 0 0 0 65 0 0 1 5.61 1 0 0 1 1 1 2 2 6  1.556  2.440  3.598
268 0 0 5 1 0 0 1 2 65 0 0 1 5.61 1 0 3 0 1 1 2 2 5  1.233  2.075  3.060
269 1 0 2 3 0 0 1 1 65 0 0 1 5.61 1 0 2 1 1 2 2 3 5  1.975  2.746  3.548
270 1 0 4 3 0 0 1 1 65 0 0 1 5.94 1 0 2 1 2 2 3 4 6  2.580  3.471  4.371
271 0 0 0 0 0 0 0 0 66 0 0 0 3.00 1 0 0 1 2 3 4 5 6  3.053  4.002  4.794
272 0 1 2 -2 1 0 1 1 66 0 0 0 3.00 1 0 2 0 1 2 4 5 6  2.442  3.602  4.554
273 0 0 5 -2 1 1 1 2 66 0 0 0 3.00 1 0 3 1 1 2 4 5 7  2.954  4.242  5.326
274 0 1 0 -4 1 1 0 0 66 0 0 0 3.15 1 0 0 1 2 2 5 6 8  3.363  4.818  6.060
275 1 0 0 -3 0 0 0 0 66 0 0 1 5.38 1 0 0 0 1 2 4 6 8  2.690  4.336  5.757
276 0 0 0 0 0 0 0 0 67 0 0 0 5.10 1 0 0 0 0 1 3 6 7  2.141  3.781  5.111
277 0 0 0 0 0 0 0 0 67 0 0 0 5.10 1 0 0 0 0 0 2 5 7  1.713  3.403  4.855
278 0 0 5 -1 0 0 1 2 67 0 0 0 5.10 1 0 3 0 0 0 2 5 7  1.370  3.062  4.612
279 1 1 0 -1 0 0 0 0 67 0 0 0 5.10 1 0 0 1 1 1 2 5 8  2.096  3.756  5.382
280 1 1 0 1 1 1 0 0 67 0 0 0 5.10 1 0 0 0 1 1 1 4 8  1.677  3.381  5.113
281 1 1 0 3 1 0 0 0 68 1 1 1 2.39 0 0 0 0 0 1 1 3 8  1.341  3.043  4.857
282 0 0 0 0 0 0 0 0 69 1 1 1 8.56 0 0 0 0 0 0 1 3 8  1.073  2.738  4.614
283 0 0 0 -4 0 0 0 0 69 1 1 1 8.56 0 0 0 0 0 0 1 2 7  0.847  2.343  4.025
284 0 0 0 -5 1 0 0 0 69 1 1 1 4.72 0 0 0 0 0 0 1 1 7  0.678  2.109  3.824
285 0 0 4 -6 0 0 1 1 69 1 1 1 1.19 0 0 2 0 0 0 0 1 7  0.542  1.898  3.633
286 1 1 0 -5 0 0 0 0 69 1 1 0 3.44 0 0 0 1 1 1 1 2 8  1.434  2.708  4.451
287 0 1 0 2 1 0 0 0 70 1 1 1 3.30 0 0 0 0 1 1 1 2 7  1.135  2.316  3.870
288 0 0 0 5 0 0 0 0 70 1 1 1 3.30 0 0 0 0 0 1 1 2 7  0.908  2.084  3.676
289 0 0 0 5 1 0 0 0 70 1 1 1 3.30 0 0 0 0 0 0 1 1 6  0.715  1.754  3.134
290 1 0 0 5 0 0 0 0 70 1 1 1 2.39 0 0 0 0 0 0 1 1 5  0.561  1.457  2.619
291 0 0 0 0 0 0 0 0 71 1 1 1 5.61 0 0 0 0 0 0 1 1 4  0.437  1.190  2.129
292 0 0 4 0 0 0 1 1 71 1 1 1 5.61 0 0 2 0 0 0 0 1 4  0.350  1.071  2.023
293 0 0 0 1 0 0 0 0 71 1 1 1 5.61 0 0 0 1 1 1 1 2 4  1.268  1.842  2.563
294 1 0 0 -1 1 1 0 0 71 1 1 0 3.15 0 0 0 0 1 1 1 2 3  1.003  1.536  2.077
295 0 0 0 0 0 0 0 0 72 1 1 0 5.10 0 0 0 0 0 1 1 2 3  0.802  1.383  1.973
296 0 1 0 0 0 0 0 0 72 1 1 0 5.10 0 0 0 0 0 0 1 1 3  0.642  1.244  1.874
297 0 0 4 -1 0 0 1 1 72 1 1 0 5.10 0 0 2 0 0 0 1 1 3  0.514  1.120  1.781
298 0 0 0 -6 0 0 0 0 72 1 1 1 3.53 0 0 0 1 1 1 2 2 4  1.411  2.008  2.691
299 1 0 0 -7 0 0 0 0 72 1 1 1 5.94 0 0 0 0 1 1 1 2 3  1.117  1.686  2.198
300 0 0 0 1 0 0 0 0 73 0 1 1 3.68 0 0 0 0 0 1 1 2 3  0.894  1.517  2.089
301 0 0 1 1 0 0 1 1 73 0 1 1 3.68 0 0 1 0 0 0 1 2 3  0.715  1.365  1.984
302 0 0 0 1 0 0 0 0 73 0 1 1 3.68 0 0 0 1 1 1 2 3 4  1.572  2.229  2.885
303 1 0 5 1 1 1 1 2 73 0 1 1 3.68 0 0 3 0 1 1 2 2 4  1.258  2.006  2.741
304 1 1 0 -4 1 1 0 0 73 0 1 1 5.38 0 0 0 1 1 2 2 3 5  2.006  2.805  3.604
305 1 1 0 -1 0 0 0 0 74 0 0 1 2.83 0 0 0 0 1 1 2 3 5  1.605  2.525  3.423
306 0 0 1 0 0 0 1 1 75 1 0 1 5.36 0 0 1 0 0 1 2 3 4  1.272  2.151  2.894
307 0 1 0 -2 1 1 0 0 75 1 0 1 5.36 0 0 0 1 1 1 3 4 5  2.018  2.936  3.749
308 0 0 1 -3 0 0 1 1 75 1 0 1 5.36 0 0 1 0 1 1 2 3 5  1.614  2.642  3.562
309 1 0 0 -8 0 0 0 0 75 1 0 0 3.75 0 0 0 1 1 2 3 4 6  2.291  3.378  4.384
310 0 0 0 0 0 0 0 0 76 1 0 1 4.35 0 0 0 0 1 1 2 4 6  1.833  3.040  4.164
311 0 1 0 -3 1 0 0 0 76 1 0 1 4.35 0 0 0 0 0 1 2 4 6  1.467  2.736  3.956
312 0 1 1 -4 0 0 1 1 76 1 0 1 4.35 0 0 1 0 0 0 2 3 6  1.173  2.462  3.758
313 1 0 0 -4 0 0 0 0 76 1 0 0 3.75 0 0 0 1 1 1 2 4 6  1.927  3.095  4.212
314 0 0 0 0 0 0 0 0 77 1 0 0 4.39 0 0 0 0 1 1 2 3 6  1.542  2.785  4.001
315 0 1 0 -1 1 1 0 0 77 1 0 0 4.39 0 0 0 0 0 1 1 3 6  1.233  2.507  3.801
316 0 0 0 -3 1 1 0 0 77 1 0 0 4.39 0 0 0 0 0 0 1 3 6  0.987  2.256  3.611
317 0 1 0 -1 1 1 0 0 77 1 0 0 4.39 0 0 0 0 0 0 1 2 6  0.789  2.030  3.431
318 1 0 0 -7 0 0 0 0 77 1 0 1 5.93 0 0 0 0 0 0 1 2 5  0.620  1.706  2.901
319 0 0 0 0 0 0 0 0 78 1 1 0 3.98 0 0 0 0 0 0 0 1 5  0.496  1.535  2.756
320 0 0 0 -1 0 0 0 0 78 1 1 0 3.98 0 0 0 0 0 0 0 1 5  0.397  1.382  2.618
321 0 0 1 -5 0 0 1 1 78 1 1 0 3.98 0 0 1 0 0 0 0 1 5  0.317  1.244  2.487
322 0 0 0 -5 1 1 0 0 78 1 1 1 4.91 0 0 0 1 1 1 1 2 5  1.242  1.998  3.004
323 1 1 0 -6 0 0 0 0 78 1 1 0 4.33 0 0 0 0 1 1 1 1 5  0.994  1.798  2.854
324 0 0 0 0 0 0 0 0 79 0 1 1 3.22 0 0 0 0 0 1 1 1 4  0.784  1.496  2.353
325 0 1 0 1 0 0 0 0 79 0 1 1 3.22 0 0 0 0 0 0 1 1 4  0.627  1.347  2.235
326 0 0 0 -1 0 0 0 0 79 0 1 1 3.22 0 0 0 0 0 0 1 1 4  0.502  1.212  2.123
327 1 0 0 -2 0 0 0 0 79 0 1 1 3.89 0 0 0 0 0 0 1 1 3  0.390  0.969  1.659
328 1 1 0 -3 1 1 0 0 79 0 1 0 4.47 0 0 0 0 0 0 0 1 3  0.312  0.872  1.576
329 0 0 0 1 0 0 0 0 80 0 1 1 3.06 0 0 0 0 0 0 0 1 2  0.238  0.664  1.138
330 0 0 0 3 0 0 0 0 80 0 1 1 3.06 0 0 0 0 0 0 0 1 2  0.190  0.597  1.082
331 0 0 5 6 1 1 1 2 80 0 1 1 3.50 0 0 3 0 0 0 0 1 2  0.152  0.538  1.027
332 1 0 0 5 0 0 0 0 80 0 1 0 4.47 0 0 0 1 1 1 1 1 3  1.122  1.484  1.976
333 0 0 0 3 1 1 0 0 81 1 1 1 2.85 0 0 0 0 1 1 1 1 2  0.886  1.214  1.519
334 1 0 4 2 0 0 1 1 81 1 1 1 2.85 0 0 2 0 0 1 1 1 2  0.709  1.092  1.443
335 0 0 1 0 0 0 1 1 82 1 1 1 3.68 0 0 1 1 1 1 2 2 3  1.567  1.983  2.371
336 0 0 0 0 0 0 0 0 82 1 1 1 3.68 0 0 0 1 2 2 3 3 4  2.254  2.785  3.252
337 0 0 2 4 0 0 1 1 82 1 1 1 3.68 0 0 2 0 1 2 3 3 4  1.803  2.506  3.090
338 1 0 0 7 1 0 0 0 82 1 1 1 3.68 0 0 0 1 1 2 3 4 5  2.442  3.256  3.935
339 1 0 0 3 1 1 0 0 82 1 1 0 3.83 0 0 0 0 1 1 3 4 5  1.954  2.930  3.738
340 0 0 0 2 0 0 0 0 83 1 1 1 3.63 0 0 0 0 0 1 3 4 5  1.563  2.637  3.551
341 0 0 5 2 1 1 1 2 83 1 1 1 3.63 0 0 3 0 0 0 2 4 5  1.250  2.373  3.374
342 0 0 0 1 0 0 0 0 83 1 1 1 3.63 0 0 0 1 1 1 2 4 5  1.989  3.015  3.847
343 1 0 0 0 1 0 0 0 83 1 1 1 3.63 0 0 0 0 1 1 2 4 5  1.591  2.713  3.654
344 1 0 0 0 0 0 0 0 83 1 1 1 3.22 0 0 0 0 0 1 1 4 5  1.273  2.442  3.472
345 1 1 0 0 0 0 0 0 83 1 1 1 3.22 0 0 0 0 0 0 1 3 5  1.018  2.198  3.298
346 0 0 1 0 0 0 1 1 84 1 1 0 3.58 0 0 1 0 0 0 1 2 5  0.815  1.978  3.133
347 0 0 0 0 0 0 0 0 84 1 1 0 3.58 0 0 0 1 1 1 2 3 6  1.652  2.780  3.976
348 0 0 0 4 0 0 0 0 84 1 1 0 3.58 0 0 0 0 1 1 1 2 6  1.321  2.502  3.778
349 1 0 0 1 0 0 0 0 84 1 1 0 3.58 0 0 0 0 0 1 1 2 6  1.057  2.252  3.589
350 1 0 0 0 1 1 0 0 84 1 1 0 3.83 0 0 0 0 0 0 1 2 6  0.846  2.027  3.409
351 1 1 0 0 0 0 0 0 84 1 1 1 2.85 0 0 0 0 0 0 1 2 6  0.677  1.824  3.239
352 0 0 2 0 0 0 1 1 85 1 1 1 4.14 0 0 2 0 0 0 1 1 5  0.530  1.520  2.718
353 0 0 1 0 0 0 1 1 85 1 1 1 4.14 0 0 1 1 1 1 1 2 6  1.424  2.368  3.583
354 0 1 1 2 1 0 1 1 85 1 1 1 4.14 0 0 1 1 2 2 2 3 7  2.139  3.131  4.403
355 1 0 2 1 1 0 1 1 85 1 1 0 3.99 0 0 2 1 2 3 3 4 7  2.700  3.697  4.825
356 1 0 0 0 0 0 0 0 85 1 1 1 3.12 0 0 0 1 2 3 4 5 7  3.148  4.205  5.225
357 1 0 0 0 1 0 0 0 85 1 1 1 3.12 0 0 0 0 1 2 4 4 7  2.519  3.785  4.964
358 0 0 5 1 0 0 1 2 86 1 1 1 4.24 0 0 3 0 0 1 4 4 6  2.003  3.285  4.357
359 0 1 1 0 1 0 1 1 86 1 1 1 4.24 0 0 1 1 1 1 4 5 7  2.603  3.956  5.139
360 0 0 0 0 1 1 0 0 86 1 1 1 4.24 0 0 0 1 2 2 4 6 8  3.082  4.561  5.882
361 0 1 5 1 1 1 1 2 86 1 1 1 4.24 0 0 3 0 1 2 3 6 8  2.466  4.105  5.588
362 1 0 0 2 1 1 0 0 86 1 1 0 3.99 0 0 0 1 1 2 3 7 8  2.961  4.573  5.950
363 0 0 1 0 0 0 1 1 87 0 1 1 3.84 0 0 1 0 1 1 3 6 8  2.369  4.115  5.653
364 0 0 0 0 0 0 0 0 87 0 1 1 3.84 0 0 0 1 1 2 4 6 9  2.895  4.704  6.370
365 0 1 0 -2 1 1 0 0 87 0 1 1 3.84 0 0 0 0 1 1 3 5 9  2.316  4.233  6.052
366 0 1 0 -1 1 1 0 0 87 0 1 1 3.84 0 0 0 0 0 1 2 4 9  1.853  3.810  5.749
367 0 0 1 0 0 0 1 1 89 1 0 1 3.22 1 0 1 0 0 0 2 4 8  1.471  3.307  5.103
368 0 0 0 1 0 0 0 0 89 1 0 1 3.22 1 0 0 1 1 1 2 5 9  2.177  3.977  5.848
369 0 1 0 1 0 0 0 0 89 1 0 1 3.22 1 0 0 0 1 1 2 4 9  1.741  3.579  5.556
370 1 1 0 -1 0 0 0 0 89 1 0 1 3.22 1 0 0 0 0 1 1 3 9  1.393  3.221  5.278
371 0 0 1 0 0 0 1 1 90 1 0 1 3.06 1 0 1 0 0 0 1 3 9  1.114  2.899  5.014
372 0 1 0 0 1 0 0 0 90 1 0 1 3.06 1 0 0 1 1 1 2 3 10  1.892  3.609  5.763
373 0 0 0 0 0 0 0 0 90 1 0 1 3.06 1 0 0 0 1 1 2 3 9  1.502  3.127  5.117
374 1 0 1 0 1 0 1 1 90 1 0 1 3.06 1 0 1 0 0 1 1 2 8  1.190  2.692  4.502
375 1 0 0 2 1 1 0 0 90 1 0 0 4.47 1 0 0 1 1 1 2 3 8  1.940  3.302  4.919
376 0 0 0 0 0 0 0 0 92 1 0 1 3.68 1 0 0 0 1 1 2 3 7  1.541  2.850  4.314
377 0 0 0 1 0 0 0 0 92 1 0 1 3.68 1 0 0 0 0 1 2 3 7  1.233  2.565  4.098
378 0 0 0 2 0 0 0 0 92 1 0 1 3.68 1 0 0 0 0 0 1 2 7  0.986  2.308  3.894
379 1 0 1 1 1 0 1 1 92 1 0 1 3.41 1 0 1 0 0 0 1 2 6  0.777  1.956  3.340
380 1 0 0 3 0 0 0 0 92 1 0 0 3.83 1 0 0 1 1 1 2 3 6  1.610  2.639  3.815
381 0 0 0 0 0 0 0 0 94 0 0 1 3.63 1 0 0 0 1 1 1 3 6  1.288  2.375  3.624
382 0 0 5 0 1 1 1 2 94 0 0 1 3.63 1 0 3 0 0 1 1 2 5  1.019  2.016  3.084
383 0 0 0 1 0 0 0 0 94 0 0 1 3.63 1 0 0 1 1 1 2 3 6  1.815  2.814  3.930
384 1 0 0 1 0 0 0 0 94 0 0 1 3.63 1 0 0 0 1 1 2 3 5  1.441  2.411  3.375
385 1 1 5 3 1 1 1 2 94 0 0 1 2.85 1 0 3 0 0 1 2 2 5  1.153  2.170  3.206
386 0 0 0 0 0 0 0 0 95 0 0 1 3.84 1 0 0 1 1 1 2 3 6  1.922  2.953  4.046
387 0 0 5 -1 0 0 1 2 95 0 0 1 3.84 1 0 3 0 1 1 2 3 6  1.538  2.658  3.844
388 0 1 2 -1 0 0 1 1 95 0 0 1 3.84 1 0 2 1 1 2 3 4 6  2.219  3.270  4.293
389 1 0 0 -1 0 0 0 0 95 0 0 1 3.84 1 0 0 1 2 2 3 5 7  2.775  3.943  5.079
390 0 1 5 -1 0 0 1 2 96 1 0 1 4.14 1 0 3 0 1 2 3 4 7  2.220  3.549  4.825
391 0 1 1 -1 1 1 1 1 96 1 0 1 4.14 1 0 1 1 1 2 4 5 8  2.776  4.194  5.583
392 0 0 1 2 1 0 1 1 96 1 0 1 4.14 1 0 1 1 2 2 4 6 8  3.209  4.653  5.946
393 1 1 0 2 1 1 0 0 96 1 0 0 4.61 1 0 0 1 2 3 5 6 9  3.567  5.188  6.648
394 0 0 4 0 0 0 1 1 97 0 0 1 5.05 1 0 2 0 1 2 4 6 9  2.854  4.669  6.316
395 0 0 0 5 0 0 0 0 97 0 0 1 5.05 1 0 0 1 1 2 4 7 9  3.272  5.081  6.642
396 0 0 0 6 1 0 0 0 97 0 0 1 3.16 1 0 0 0 1 1 4 6 9  2.617  4.573  6.310
397 0 1 1 4 1 0 1 1 97 0 0 1 3.72 1 0 1 0 0 1 3 6 9  2.094  4.115  5.994
398 1 1 0 7 1 1 0 0 97 0 0 1 3.72 1 0 0 1 1 1 3 6 10  2.675  4.704  6.694
399 0 0 4 -1 0 0 1 1 98 0 0 1 4.73 1 0 2 0 1 1 2 5 10  2.140  4.233  6.360
400 0 1 0 0 0 0 0 0 98 0 0 1 4.73 1 0 0 1 1 2 3 6 10  2.701  4.688  6.683
401 1 0 0 -4 0 0 0 0 98 0 0 1 4.73 1 0 0 0 1 1 2 5 10  2.160  4.220  6.349
402 1 0 3 -4 0 0 1 1 98 0 0 1 4.73 1 0 2 0 0 1 2 4 10  1.728  3.798  6.032
403 0 0 5 2 0 0 1 2 99 1 1 0 4.39 0 0 3 1 1 1 3 4 10  2.371  4.296  6.372
404 0 0 0 2 1 0 0 0 99 1 1 0 4.39 0 0 0 1 2 2 3 5 11  2.897  4.867  7.053
405 0 0 0 5 0 0 0 0 99 1 1 0 4.39 0 0 0 0 1 2 3 4 11  2.318  4.380  6.700
406 1 1 4 5 1 0 1 1 99 1 1 0 4.39 0 0 2 0 0 1 2 4 10  1.842  3.820  6.007
407 0 0 2 0 0 0 1 1 100 1 1 0 4.22 0 0 2 1 1 1 3 5 11  2.474  4.438  6.706
408 0 1 2 0 1 0 1 1 100 1 1 0 4.22 0 0 2 1 2 2 4 5 11  2.968  4.873  7.013
409 0 1 0 0 0 0 0 0 100 1 1 0 4.22 0 0 0 1 2 3 4 6 11  3.363  5.264  7.304
410 1 0 0 1 0 0 0 0 100 1 1 1 4.20 0 0 0 0 1 2 3 5 11  2.690  4.738  6.938
411 1 1 0 1 1 1 0 0 100 1 1 1 2.83 0 0 0 0 0 1 3 5 10  2.141  4.142  6.233
412 0 0 0 0 0 0 0 0 101 1 1 0 4.35 0 0 0 0 0 0 3 5 9  1.701  3.607  5.563
413 0 1 0 0 0 0 0 0 101 1 1 0 4.35 0 0 0 0 0 0 2 4 8  1.349  3.124  4.926
414 0 1 0 0 1 1 0 0 101 1 1 0 4.35 0 0 0 0 0 0 1 3 8  1.079  2.812  4.680
415 0 0 0 0 0 0 0 0 105 1 1 1 5.61 0 0 0 0 0 0 0 3 7  0.852  2.409  4.087
416 0 0 1 -1 0 0 1 1 105 1 1 1 5.61 0 0 1 0 0 0 0 3 7  0.682  2.168  3.883
417 0 0 0 -1 0 0 0 0 105 1 1 1 5.61 0 0 0 1 1 1 1 3 8  1.545  2.951  4.689
418 0 0 0 -5 1 0 0 0 105 1 1 1 5.94 0 0 0 0 1 1 1 2 7  1.225  2.535  4.096
419 1 0 0 -6 0 0 0 0 105 1 1 1 6.75 0 0 0 0 0 1 1 1 7  0.980  2.281  3.891
420 0 0 0 0 0 0 0 0 106 1 1 1 4.29 0 0 0 0 0 0 1 1 6  0.772  1.932  3.338
421 0 0 0 0 1 1 0 0 106 1 1 1 4.29 0 0 0 0 0 0 1 1 6  0.618  1.738  3.171
422 0 0 2 0 1 0 1 1 106 1 1 1 4.29 0 0 2 0 0 0 1 1 6  0.494  1.565  3.013
423 0 1 0 -1 1 1 0 0 106 1 1 0 3.15 0 0 0 1 1 1 1 2 6  1.384  2.286  3.504
424 1 0 0 0 0 0 0 0 106 1 1 1 3.12 0 0 0 0 1 1 1 2 5  1.096  1.936  2.970
425 0 1 1 -8 0 0 1 1 107 1 1 1 6.75 0 0 1 0 0 1 1 2 5  0.876  1.743  2.821
426 1 1 0 -10 1 1 0 0 107 1 1 1 6.75 0 0 0 1 1 1 2 3 6  1.701  2.568  3.680
427 0 0 0 2 0 0 0 0 108 1 1 1 4.64 0 0 0 0 1 1 2 2 5  1.349  2.190  3.138
428 0 0 0 0 0 0 0 0 108 1 1 1 4.64 0 0 0 0 0 1 2 2 4  1.068  1.849  2.622
429 0 0 0 0 0 0 0 0 108 1 1 1 4.64 0 0 0 0 0 0 1 2 3  0.843  1.543  2.133
430 1 0 0 -1 0 0 0 0 108 1 1 1 4.21 0 0 0 0 0 0 1 2 3  0.674  1.389  2.026
431 0 0 0 0 0 0 0 0 109 1 1 1 4.42 0 0 0 0 0 0 1 2 3  0.539  1.250  1.925
432 0 1 3 -3 1 0 1 1 109 1 1 1 4.42 0 0 2 0 0 0 0 2 3  0.432  1.125  1.829
433 0 1 0 -4 1 1 0 0 109 1 1 1 4.42 0 0 0 1 1 1 1 2 4  1.345  2.012  2.737
434 0 0 0 -2 1 0 0 0 109 1 1 1 2.39 0 0 0 0 1 1 1 2 4  1.076  1.811  2.600
435 1 0 0 -5 1 1 0 0 109 1 1 1 3.86 0 0 0 0 0 1 1 2 4  0.861  1.630  2.470
436 0 0 2 0 0 0 1 1 110 1 1 1 4.37 0 0 2 0 0 0 1 1 4  0.689  1.467  2.347
437 0 0 6 0 1 1 1 2 110 1 1 1 4.37 0 0 3 1 1 1 2 2 4  1.539  2.199  2.871
438 0 1 0 -3 1 1 0 0 110 1 1 1 4.37 0 0 0 1 2 2 3 3 5  2.232  2.979  3.727
439 0 1 0 -2 1 1 0 0 110 1 1 1 2.39 0 0 0 0 1 2 2 3 5  1.785  2.681  3.541
440 1 1 0 -3 0 0 0 0 110 1 1 1 4.21 0 0 0 0 0 1 2 3 5  1.428  2.413  3.364
441 0 0 1 0 0 0 1 1 112 1 1 1 4.32 0 0 1 0 0 0 2 3 5  1.143  2.172  3.196
442 0 1 1 3 1 0 1 1 112 1 1 1 4.32 0 0 1 1 1 1 3 4 6  1.914  2.954  4.036
443 0 1 0 5 1 1 0 0 112 1 1 1 4.32 0 0 0 1 2 2 3 4 6  2.520  3.537  4.476
444 1 0 0 6 1 0 0 0 112 1 1 1 4.32 0 0 0 0 1 2 2 4 6  2.016  3.184  4.252
445 0 0 2 0 0 0 1 1 113 1 1 0 3.84 0 0 2 0 0 1 2 4 6  1.613  2.865  4.039
446 0 0 0 -1 0 0 0 0 113 1 1 0 3.84 0 0 0 1 1 1 3 5 6  2.279  3.457  4.479
447 0 0 0 -1 1 0 0 0 113 1 1 0 3.84 0 0 0 0 1 1 3 4 6  1.823  3.111  4.255
448 0 1 0 0 1 1 0 0 113 1 1 0 1.80 0 0 0 0 0 1 2 3 6  1.458  2.800  4.042
449 1 0 1 2 1 0 1 1 113 1 1 1 2.66 0 0 1 0 0 0 1 3 6  1.167  2.520  3.840
450 0 0 0 0 0 0 0 0 114 1 1 0 3.54 0 0 0 1 1 1 2 4 7  1.933  3.268  4.648
451 0 1 0 0 0 0 0 0 114 1 1 0 3.54 0 0 0 0 1 1 2 4 7  1.547  2.941  4.416
452 0 0 0 -8 0 0 0 0 114 1 1 0 3.56 0 0 0 0 0 1 1 3 7  1.237  2.647  4.195
453 0 1 0 -8 0 0 0 0 114 1 1 0 3.56 0 0 0 0 0 0 1 2 6  0.978  2.261  3.627
454 1 0 2 -11 0 0 1 1 114 1 1 0 1.80 0 0 2 0 0 0 1 2 6  0.783  2.035  3.445
455 0 0 4 0 0 0 1 1 115 1 0 1 4.37 0 0 2 1 1 1 2 3 7  1.626  2.831  4.273
456 0 1 0 5 1 1 0 0 115 1 0 1 4.37 0 0 0 1 2 2 2 3 8  2.301  3.548  5.059
457 0 0 0 1 0 0 0 0 115 1 0 1 4.37 0 0 0 0 1 2 2 3 7  1.829  3.072  4.448
458 0 1 0 0 0 0 0 0 115 1 0 1 4.37 0 0 0 0 0 1 2 3 6  1.452  2.643  3.867
459 1 0 0 -3 0 0 0 0 115 1 0 1 1.19 0 0 0 0 0 0 2 3 6  1.161  2.379  3.674
460 1 0 0 -1 0 0 0 0 116 1 0 1 4.21 0 0 0 0 0 0 2 2 6  0.929  2.141  3.490
461 1 1 0 1 1 1 0 0 116 1 0 0 3.44 0 0 0 0 0 0 1 2 6  0.743  1.927  3.316
462 0 0 0 0 0 0 0 0 117 1 0 1 3.30 0 0 0 0 0 0 0 2 5  0.583  1.613  2.791
463 0 0 0 1 0 0 0 0 117 1 0 1 3.30 0 0 0 0 0 0 0 2 4  0.455  1.330  2.293
464 0 0 0 -1 1 1 0 0 117 1 0 1 3.30 0 0 0 0 0 0 0 2 4  0.364  1.197  2.179
465 1 1 0 0 0 0 0 0 117 1 0 1 3.30 0 0 0 0 0 0 0 1 4  0.291  1.077  2.070
466 1 1 0 1 1 0 0 0 117 1 0 1 1.19 0 0 0 0 0 0 0 0 3  0.221  0.848  1.608
467 0 0 5 0 0 0 1 2 118 0 0 1 4.64 0 0 3 0 0 0 0 0 3  0.177  0.763  1.527
468 0 1 0 0 1 0 0 0 118 0 0 1 4.64 0 0 0 1 1 1 1 1 4  1.142  1.687  2.451
469 0 0 2 2 1 1 1 1 118 0 0 1 4.64 0 0 2 0 1 1 1 1 4  0.913  1.518  2.328
470 0 0 0 1 1 0 0 0 118 0 0 0 3.14 0 0 0 1 1 2 2 2 4  1.719  2.245  2.853
471 1 1 0 3 1 1 0 0 118 0 0 1 4.21 0 0 0 0 1 1 2 2 4  1.375  2.020  2.711
472 0 0 0 0 0 0 0 0 119 1 0 1 4.85 0 0 0 0 0 1 2 2 4  1.100  1.818  2.575
473 0 0 0 0 0 0 0 0 119 1 0 1 4.85 0 0 0 0 0 0 2 2 4  0.880  1.636  2.446
474 0 0 4 -1 1 0 1 1 119 1 0 1 4.85 0 0 2 0 0 0 1 2 4  0.704  1.473  2.324
475 1 0 0 1 0 0 0 0 119 1 0 0 3.04 0 0 0 1 1 1 2 3 4  1.552  2.204  2.849
476 1 0 4 1 0 0 1 1 119 1 0 0 3.04 0 0 2 0 1 1 1 3 3  1.230  1.862  2.349
477 0 0 5 0 0 0 1 2 120 1 0 0 5.02 0 0 3 1 1 2 2 4 4  1.984  2.676  3.231
478 0 0 4 0 0 0 1 1 120 1 0 0 5.02 0 0 2 1 2 2 3 4 5  2.587  3.408  4.070
479 0 0 5 2 1 1 1 2 120 1 0 0 5.02 0 0 3 1 2 3 4 5 6  3.070  4.067  4.866
480 1 0 2 1 0 0 1 1 120 1 0 1 5.36 0 0 2 1 2 3 5 5 7  3.456  4.661  5.623
481 1 1 5 4 1 1 1 2 120 1 0 1 2.30 0 0 3 1 2 3 5 6 8  3.765  5.195  6.342
482 0 0 4 0 0 0 1 1 121 1 0 1 4.50 0 0 2 1 2 3 6 7 9  4.012  5.675  7.025
483 0 0 5 -2 0 0 1 2 121 1 0 1 4.50 0 0 3 1 2 3 6 8 10  4.209  6.108  7.673
484 0 1 0 -1 1 1 0 0 121 1 0 1 4.50 0 0 0 1 2 3 6 9 11  4.367  6.497  8.290
485 0 1 5 -1 1 1 1 2 121 1 0 1 4.50 0 0 3 0 1 2 5 8 11  3.494  5.847  7.875
486 1 1 0 -2 1 1 0 0 121 1 0 0 2.52 0 0 0 1 1 2 5 9 12  3.795  6.262  8.481
487 0 0 0 0 0 0 0 0 122 1 0 0 4.09 1 0 0 0 1 1 4 8 12  3.036  5.636  8.057
488 0 0 0 -1 0 0 0 0 122 1 0 0 4.09 1 0 0 0 0 1 3 7 11  2.417  4.951  7.296
489 0 1 2 -1 0 0 1 1 122 1 0 0 4.09 1 0 2 0 0 0 2 6 11  1.934  4.456  6.931
490 1 1 4 -2 1 0 1 1 122 1 0 0 4.09 1 0 2 1 1 1 2 6 11  2.536  4.889  7.226
491 1 0 0 -1 1 1 0 0 122 1 0 0 5.01 1 0 0 1 2 2 3 6 12  3.028  5.400  7.865
492 0 0 5 0 0 0 1 2 123 1 0 0 5.54 1 0 3 0 1 2 2 5 12  2.423  4.860  7.472
493 0 0 0 0 0 0 0 0 123 1 0 0 5.54 1 0 0 1 1 2 3 5 13  2.938  5.374  8.098
494 0 0 5 0 0 0 1 2 125 1 1 0 5.02 0 0 3 0 1 1 3 4 13  2.351  4.836  7.693
495 0 0 0 0 1 0 0 0 125 1 1 0 5.02 0 0 0 1 1 2 4 5 13  2.869  5.231  7.950
496 0 0 2 -1 1 1 1 1 125 1 1 0 5.02 0 0 2 0 1 1 3 4 13  2.295  4.708  7.552
497 1 0 0 -3 0 0 0 0 125 1 1 0 3.04 0 0 0 1 1 2 3 5 13  2.825  5.116  7.816
498 1 1 1 -4 1 0 1 1 129 1 1 1 3.45 0 0 1 0 1 1 3 5 12  2.248  4.483  7.067
499 0 0 1 0 0 0 1 1 131 1 1 1 3.91 0 0 1 1 1 2 3 6 12  2.787  4.913  7.355
500 0 0 0 1 1 1 0 0 131 1 1 1 3.91 0 0 0 1 2 2 4 6 12  3.218  5.300  7.629
501 0 1 0 -1 1 1 0 0 131 1 1 0 5.10 0 0 0 0 1 2 3 5 11  2.563  4.648  6.889
502 0 1 5 -2 1 0 1 2 131 1 1 0 5.10 0 0 3 0 0 1 3 5 10  2.039  4.062  6.186
503 1 1 0 -4 0 0 0 0 131 1 1 0 5.01 0 0 0 1 1 1 3 5 10  2.620  4.534  6.518
504 0 0 0 0 0 0 0 0 132 1 1 0 4.09 0 0 0 0 1 1 3 5 9  2.084  3.959  5.834
505 0 1 0 3 1 1 0 0 132 1 1 0 4.09 0 0 0 0 0 1 2 4 9  1.667  3.563  5.542
506 0 0 0 3 0 0 0 0 132 1 1 0 4.09 0 0 0 0 0 0 1 4 8  1.322  3.085  4.907
507 1 0 0 4 0 0 0 0 132 1 1 0 4.09 0 0 0 0 0 0 1 3 8  1.058  2.777  4.661
508 0 0 0 0 0 0 0 0 133 1 1 0 5.54 0 0 0 0 0 0 1 3 8  0.846  2.499  4.428
509 0 1 0 0 0 0 0 0 133 1 1 0 5.54 0 0 0 0 0 0 0 2 8  0.677  2.249  4.207
510 0 0 0 0 0 0 0 0 133 1 1 0 5.54 0 0 0 0 0 0 0 1 7  0.530  1.903  3.638
511 1 0 0 -2 0 0 0 0 133 1 1 0 3.78 0 0 0 0 0 0 0 1 6  0.413  1.591  3.098
512 0 0 1 0 0 0 1 1 134 1 0 1 2.76 0 0 1 0 0 0 0 1 6  0.330  1.432  2.943
513 0 0 0 0 0 0 0 0 134 1 0 1 2.76 0 0 0 1 1 1 1 1 6  1.252  2.167  3.437
514 1 0 5 -2 1 0 1 2 134 1 0 1 2.76 0 0 3 0 1 1 1 1 6  1.002  1.950  3.265
515 1 0 0 -2 0 0 0 0 134 1 0 0 2.63 0 0 0 1 1 2 2 2 6  1.790  2.634  3.743
516 0 0 0 0 0 0 0 0 135 1 0 0 5.27 0 0 0 0 1 1 2 2 6  1.432  2.370  3.556
517 0 1 0 -2 1 1 0 0 135 1 0 0 5.27 0 0 0 0 0 1 2 2 5  1.134  2.012  3.020
518 0 1 0 -2 1 1 0 0 135 1 0 0 5.27 0 0 0 0 0 0 2 2 5  0.907  1.811  2.869
519 1 0 0 -5 0 0 0 0 135 1 0 0 5.27 0 0 0 0 0 0 1 2 4  0.714  1.508  2.367
520 0 0 0 0 0 0 0 0 136 0 0 1 5.40 0 0 0 0 0 0 1 2 3  0.560  1.236  1.890
521 0 0 0 -1 0 0 0 0 136 0 0 1 5.40 0 0 0 0 0 0 0 2 3  0.448  1.112  1.796
522 0 1 0 -1 1 0 0 0 136 0 0 1 5.40 0 0 0 0 0 0 0 2 3  0.358  1.001  1.706
523 1 1 5 1 0 0 1 2 136 0 0 0 2.63 0 0 3 0 0 0 0 1 2  0.275  0.779  1.262
524 1 0 0 1 0 0 0 0 136 0 0 1 3.45 0 0 0 1 1 1 1 2 3  1.220  1.701  2.199
525 0 0 0 0 0 0 0 0 137 0 0 0 5.10 1 0 0 0 1 1 1 1 3  0.976  1.531  2.089
526 0 0 0 0 1 0 0 0 137 0 0 0 5.10 1 0 0 0 0 1 1 1 3  0.781  1.378  1.985
527 0 0 0 0 0 0 0 0 137 0 0 0 5.10 1 0 0 0 0 0 1 1 3  0.625  1.240  1.885
528 1 1 1 -1 0 0 1 1 137 0 0 0 5.10 1 0 1 0 0 0 1 1 3  0.500  1.116  1.791
529 0 0 0 0 0 0 0 0 138 0 0 1 3.68 1 0 0 1 1 1 2 2 4  1.400  2.005  2.702
530 0 0 0 -1 0 0 0 0 138 0 0 1 3.68 1 0 0 0 1 1 1 2 4  1.120  1.804  2.567
531 0 0 0 -1 1 0 0 0 138 0 0 1 3.68 1 0 0 0 0 1 1 2 4  0.896  1.624  2.438
532 1 1 0 0 0 0 0 0 138 0 0 1 3.68 1 0 0 0 0 0 1 2 4  0.717  1.461  2.316
533 1 0 0 2 1 0 0 0 138 0 0 1 3.53 1 0 0 0 0 0 1 2 3  0.562  1.194  1.842
534 0 0 0 0 0 0 0 0 139 0 0 1 4.29 1 0 0 0 0 0 1 1 3  0.449  1.074  1.750
535 0 0 5 1 0 0 1 2 139 0 0 1 4.29 1 0 3 0 0 0 0 1 2  0.348  0.845  1.304
536 0 0 0 2 0 0 0 0 139 0 0 1 4.29 1 0 0 1 1 1 1 2 3  1.278  1.761  2.239
537 1 0 1 1 1 1 1 1 139 0 0 1 4.29 1 0 1 0 1 1 1 2 3  1.023  1.585  2.127
538 1 1 0 1 0 0 0 0 139 0 0 1 3.12 1 0 0 1 1 2 2 3 4  1.818  2.426  3.020
539 0 0 0 0 0 0 0 0 140 1 0 1 4.35 0 0 0 0 1 1 2 2 4  1.455  2.184  2.869
540 0 0 0 0 0 0 0 0 140 1 0 1 4.35 0 0 0 0 0 1 2 2 4  1.164  1.965  2.726
541 0 0 0 2 0 0 0 0 140 1 0 1 4.35 0 0 0 0 0 0 2 2 4  0.931  1.769  2.590
542 1 0 0 3 0 0 0 0 140 1 0 0 1.48 0 0 0 0 0 0 1 2 4  0.745  1.592  2.460
543 0 0 5 0 0 0 1 2 141 1 0 0 4.22 0 0 3 0 0 0 1 2 4  0.596  1.433  2.337
544 0 1 1 3 1 0 1 1 141 1 0 0 4.22 0 0 1 1 1 1 1 3 4  1.465  2.168  2.862
545 0 1 0 5 0 0 0 0 141 1 0 1 5.64 0 0 0 1 2 2 2 4 5  2.172  2.951  3.719
546 0 1 1 6 0 0 1 1 141 1 0 0 3.75 0 0 1 0 1 2 2 3 5  1.738  2.656  3.533
547 1 0 0 6 1 1 0 0 141 1 0 1 3.09 0 0 0 1 1 2 3 4 6  2.390  3.390  4.356
548 1 1 0 8 1 1 0 0 141 1 0 1 3.09 0 0 0 0 1 1 3 3 6  1.912  3.051  4.138
549 1 0 2 3 1 0 1 1 142 0 0 1 2.83 0 0 2 0 0 1 3 3 5  1.518  2.625  3.573
550 0 0 0 0 0 0 0 0 143 1 1 1 3.30 0 0 0 1 1 1 3 4 6  2.215  3.362  4.394
551 0 0 0 1 0 0 0 0 143 1 1 1 3.30 0 0 0 0 1 1 2 4 6  1.772  3.026  4.175
552 0 1 0 1 0 0 0 0 143 1 1 1 3.30 0 0 0 0 0 1 2 4 6  1.417  2.723  3.966
553 1 1 0 0 0 0 0 0 143 1 1 1 3.30 0 0 0 0 0 0 1 4 6  1.134  2.451  3.768
554 1 0 0 0 0 0 0 0 143 1 1 1 1.19 0 0 0 0 0 0 1 3 6  0.907  2.206  3.579
555 1 0 0 0 0 0 0 0 143 1 1 1 2.39 0 0 0 0 0 0 1 2 6  0.726  1.985  3.400
556 1 1 1 2 0 0 1 1 143 1 1 1 4.21 0 0 1 0 0 0 0 2 5  0.569  1.665  2.872
557 0 1 0 -5 1 1 0 0 144 1 1 1 3.86 0 0 0 1 1 1 1 2 6  1.455  2.499  3.728
558 1 0 1 -1 0 0 1 1 146 1 1 0 3.82 0 0 1 0 1 1 1 2 5  1.153  2.127  3.183
559 1 1 0 -1 1 0 0 0 147 1 1 0 4.44 0 0 0 1 1 2 2 3 6  1.922  2.915  4.024
560 0 0 0 0 0 0 0 0 148 1 1 1 3.60 0 0 0 0 1 1 2 2 6  1.538  2.623  3.823
561 0 0 1 -2 0 0 1 1 148 1 1 1 3.60 0 0 1 0 0 1 2 2 6  1.230  2.361  3.632
562 0 0 0 3 0 0 0 0 148 1 1 1 3.60 0 0 0 1 1 1 3 3 7  1.984  3.125  4.450
563 0 1 0 1 1 0 0 0 148 1 1 0 3.96 0 0 0 0 1 1 2 3 7  1.587  2.812  4.228
564 0 0 4 1 0 0 1 1 149 0 1 0 3.81 0 0 2 0 0 1 2 3 6  1.258  2.409  3.658
565 0 1 0 1 0 0 0 0 149 0 1 0 3.81 0 0 0 1 1 1 2 4 6  1.995  3.047  4.116
566 0 0 0 4 0 0 0 0 149 0 1 0 3.81 0 0 0 0 1 1 2 4 6  1.596  2.742  3.911
567 1 0 0 0 1 1 0 0 149 0 1 0 4.44 0 0 0 0 0 1 2 3 5  1.265  2.346  3.357
568 1 0 0 0 0 0 0 0 149 0 1 1 4.16 0 0 0 0 0 0 1 3 5  1.012  2.112  3.189
569 1 0 1 1 0 0 1 1 149 0 1 0 3.88 0 0 1 0 0 0 1 2 5  0.810  1.901  3.029
570 1 0 3 0 0 0 1 1 149 0 1 0 3.88 0 0 2 1 1 1 2 3 5  1.636  2.589  3.519
571 0 0 1 0 0 0 1 1 150 1 0 1 4.42 0 0 1 1 2 2 2 4 6  2.309  3.330  4.343
572 0 1 0 1 1 1 0 0 150 1 0 1 4.42 0 0 0 1 2 3 3 4 7  2.847  3.997  5.126
573 0 0 0 3 1 1 0 0 150 1 0 1 4.42 0 0 0 0 1 2 3 4 7  2.278  3.597  4.870
574 0 0 2 3 0 0 1 1 150 1 0 0 3.44 0 0 2 0 0 1 3 4 7  1.822  3.238  4.626
575 1 0 0 3 0 0 0 0 150 1 0 1 2.39 0 0 0 1 1 1 4 4 8  2.458  3.914  5.395
576 0 0 0 0 0 0 0 0 151 1 0 1 2.30 0 0 0 0 1 1 3 4 8  1.966  3.522  5.125
577 0 1 1 -1 1 0 1 1 151 1 0 1 2.30 0 0 1 0 0 1 2 4 7  1.561  3.049  4.511
578 0 1 0 -1 1 0 0 0 151 1 0 1 2.30 0 0 0 1 1 1 2 5 8  2.249  3.744  5.285
579 1 0 0 -1 0 0 0 0 151 1 0 0 3.44 0 0 0 0 1 1 2 5 7  1.788  3.248  4.662
580 1 0 0 2 1 0 0 0 152 1 0 0 2.66 0 0 0 0 0 1 2 4 7  1.430  2.923  4.429
581 1 0 0 1 0 0 0 0 153 1 0 0 3.82 0 0 0 0 0 0 1 3 7  1.144  2.631  4.208
582 0 0 0 0 0 0 0 0 154 1 0 0 3.81 1 0 0 0 0 0 1 2 6  0.904  2.246  3.639
583 0 0 0 -3 0 0 0 0 154 1 0 0 3.81 1 0 0 0 0 0 1 2 6  0.723  2.021  3.457
584 0 0 0 -6 0 0 0 0 154 1 0 0 3.81 1 0 0 0 0 0 0 2 6  0.578  1.819  3.284
585 1 0 0 -8 0 0 0 0 154 1 0 0 3.96 1 0 0 0 0 0 0 1 5  0.451  1.516  2.761
586 0 0 1 0 0 0 1 1 155 0 0 1 3.21 1 0 1 0 0 0 0 1 5  0.361  1.364  2.623
587 0 1 4 3 1 0 1 1 155 0 0 1 3.21 1 0 2 1 1 1 1 2 6  1.289  2.228  3.492
588 0 1 0 4 1 1 0 0 155 0 0 1 4.11 1 0 0 1 2 2 2 2 7  2.031  3.005  4.318
589 0 1 0 5 1 1 0 0 155 0 0 0 3.96 1 0 0 0 1 2 2 2 7  1.625  2.705  4.102
590 1 0 0 6 0 0 0 0 155 0 0 0 3.20 1 0 0 0 0 1 2 2 6  1.288  2.313  3.538
591 0 0 2 0 0 0 1 1 158 1 1 1 4.29 0 0 2 0 0 0 2 2 5  1.019  1.960  3.003
592 0 1 1 -1 1 1 1 1 158 1 1 1 4.29 0 0 1 1 1 1 3 3 5  1.804  2.642  3.494
593 0 0 5 -1 0 0 1 2 158 1 1 1 4.29 0 0 3 1 2 2 3 4 6  2.443  3.378  4.319
594 0 0 0 -5 0 0 0 0 158 1 1 1 6.75 0 0 0 1 2 3 3 5 7  2.954  4.040  5.103
595 1 0 1 -5 1 1 1 1 158 1 1 1 5.38 0 0 1 0 1 2 3 5 6  2.352  3.515  4.490
596 1 1 2 -2 0 0 1 1 159 1 1 1 3.09 0 0 2 1 1 2 4 6 7  2.882  4.163  5.265
597 0 0 0 3 0 0 0 0 160 1 1 1 4.35 0 0 0 1 2 2 5 6 8  3.305  4.747  6.002
598 0 0 1 2 0 0 1 1 160 1 1 1 4.35 0 0 1 0 1 2 4 5 7  2.633  4.151  5.343
599 0 0 4 0 1 1 1 1 160 1 1 1 4.35 0 0 2 1 1 2 4 6 8  3.106  4.735  6.076
600 0 0 5 -2 0 0 1 2 160 1 1 1 5.64 0 0 3 1 2 2 4 7 9  3.485  5.262  6.772
601 1 0 1 -1 0 0 1 1 160 1 1 0 1.48 0 0 1 1 2 3 5 8 10  3.788  5.736  7.434
602 1 1 5 1 1 1 1 2 161 0 1 1 2.83 0 0 3 1 2 3 5 8 11  4.030  6.162  8.062
