1 0 0 3 0 0 0 1 1 1 0 0 1 3.18 0 0 2 . . . . . . . . .
2 0 1 1 -2 0 0 1 1 1 0 0 1 3.18 0 0 1 1 . . . . . . . .
3 0 0 1 -2 0 0 1 1 1 0 0 1 3.18 0 0 1 1 2 . . . . . . .
4 1 0 4 0 0 0 1 1 1 0 0 0 5.77 0 0 2 1 2 3 . . . . . .
5 1 1 5 1 1 1 1 2 1 0 0 1 4.68 0 0 3 1 2 3 . . . . . .
6 0 0 0 0 0 0 0 0 2 1 0 0 6.67 0 0 0 1 2 3 . . . . . .
7 0 1 1 0 0 0 1 1 2 1 0 0 6.67 0 0 1 0 1 2 5 . . . . .
8 0 0 0 1 1 0 0 0 2 1 0 0 6.67 0 0 0 1 1 2 5 . . . . .
9 1 1 0 2 0 0 0 0 2 1 0 0 6.67 0 0 0 0 1 1 4 . . . . .
10 0 0 0 0 0 0 0 0 3 0 0 1 3.31 0 0 0 0 0 1 3 . . . . .
11 0 0 4 0 0 0 1 1 3 0 0 1 3.31 0 0 2 0 0 0 2 6 . . . .
12 0 1 0 1 0 0 0 0 3 0 0 1 3.31 0 0 0 1 1 1 2 6 . . . .
13 1 0 0 -1 0 0 0 0 3 0 0 0 5.77 0 0 0 0 1 1 2 5 . . . .
14 0 0 0 0 0 0 0 0 4 0 0 1 3.94 1 0 0 0 0 1 1 4 . . . .
15 0 0 2 -4 0 0 1 1 4 0 0 1 3.94 1 0 2 0 0 0 1 3 . . . .
16 0 1 0 -1 0 0 0 0 4 0 0 1 3.94 1 0 0 1 1 1 2 3 . . . .
17 1 0 0 -1 1 0 0 0 4 0 0 1 3.51 1 0 0 0 1 1 2 3 . . . .
18 0 0 0 0 0 0 0 0 5 0 0 1 3.14 1 0 0 0 0 1 1 2 . . . .
19 0 1 0 2 1 1 0 0 5 0 0 1 3.14 1 0 0 0 0 0 1 2 . . . .
20 0 1 0 -1 0 0 0 0 5 0 0 1 3.14 1 0 0 0 0 0 1 2 . . . .
21 1 0 0 -2 0 0 0 0 5 0 0 1 3.51 1 0 0 0 0 0 1 2 8  0.635  2.075  4.013
22 0 0 1 0 0 0 1 1 6 0 0 1 3.66 1 0 1 0 0 0 0 1 7  0.497  1.746  3.454
23 0 1 0 -3 0 0 0 0 6 0 0 1 3.66 1 0 0 1 1 1 1 2 7  1.386  2.450  3.923
24 0 0 0 -3 0 0 0 0 6 0 0 1 3.66 1 0 0 0 1 1 1 2 6  1.097  2.083  3.368
25 1 0 0 -6 0 0 0 0 6 0 0 1 3.66 1 0 0 0 0 1 1 2 5  0.866  1.753  2.842
26 0 0 5 0 0 0 1 2 7 1 1 0 3.47 0 0 3 0 0 0 1 1 4  0.681  1.457  2.341
27 0 0 0 -1 0 0 0 0 7 1 1 0 3.47 0 0 0 1 1 1 2 2 5  1.545  2.311  3.224
28 0 1 5 -1 1 1 1 2 7 1 1 0 3.47 0 0 3 0 1 1 2 2 4  1.225  1.958  2.704
29 0 0 0 1 0 0 0 0 7 1 1 0 2.83 0 0 0 1 1 2 2 3 5  1.980  2.762  3.569
30 1 1 0 1 0 0 0 0 7 1 1 0 2.83 0 0 0 0 1 1 2 3 5  1.584  2.486  3.391
31 1 0 0 0 0 0 0 0 7 1 1 0 2.35 0 0 0 0 0 1 2 3 5  1.267  2.238  3.221
32 0 0 0 0 0 0 0 0 8 0 1 1 3.52 0 0 0 0 0 0 2 3 4  1.002  1.892  2.702
33 0 1 5 -1 1 0 1 2 8 0 1 1 3.52 0 0 3 0 0 0 1 2 4  0.802  1.703  2.566
34 0 1 0 -2 1 1 0 0 8 0 1 1 3.52 0 0 0 1 1 1 2 3 5  1.641  2.533  3.438
35 1 0 0 -2 0 0 0 0 8 0 1 1 3.52 0 0 0 0 1 1 1 3 5  1.313  2.279  3.266
36 1 1 0 -4 1 1 0 0 8 0 1 1 1.96 0 0 0 0 0 1 1 3 4  1.039  1.930  2.744
37 0 0 2 3 0 0 1 1 9 1 1 1 3.18 0 0 2 0 0 0 1 2 4  0.831  1.737  2.607
38 0 0 0 3 0 0 0 0 9 1 1 1 3.18 0 0 0 1 1 1 2 3 5  1.665  2.563  3.477
39 0 0 0 5 0 0 0 0 9 1 1 1 3.18 0 0 0 0 1 1 2 2 5  1.332  2.307  3.303
40 1 0 0 4 0 0 0 0 9 1 1 1 3.18 0 0 0 0 0 1 1 2 5  1.066  2.076  3.138
41 1 1 0 0 1 0 0 0 9 1 1 0 5.77 0 0 0 0 0 0 1 2 5  0.852  1.869  2.981
42 0 0 1 0 0 0 1 1 10 0 1 0 6.67 0 0 1 0 0 0 1 2 5  0.682  1.682  2.832
43 0 0 2 -3 1 0 1 1 10 0 1 0 6.67 0 0 2 1 1 1 2 3 5  1.534  2.392  3.332
44 0 1 0 -4 1 1 0 0 10 0 1 1 4.83 0 0 0 1 2 2 2 3 6  2.227  3.153  4.165
45 0 1 5 -4 0 0 1 2 10 0 1 1 2.55 0 0 3 0 1 2 2 3 6  1.782  2.838  3.957
46 1 0 0 -4 0 0 0 0 10 0 1 1 4.95 0 0 0 1 1 2 3 4 7  2.425  3.554  4.759
47 0 0 1 0 0 0 1 1 11 0 1 1 3.31 0 0 1 0 1 1 3 4 6  1.929  3.077  4.163
48 0 0 0 0 0 0 0 0 11 0 1 1 3.31 0 0 0 1 1 2 4 4 7  2.543  3.769  4.955
49 0 0 0 2 1 0 0 0 11 0 1 1 3.31 0 0 0 0 1 1 3 4 6  2.023  3.271  4.348
50 0 0 0 -1 1 1 0 0 11 0 1 1 3.31 0 0 0 0 0 1 2 4 6  1.618  2.944  4.131
51 1 1 1 0 1 0 1 1 11 0 1 1 4.68 0 0 1 0 0 0 2 4 6  1.295  2.649  3.924
52 1 0 0 1 0 0 0 0 11 0 1 1 2.55 0 0 0 1 1 1 2 5 7  2.036  3.384  4.728
53 0 0 2 0 0 0 1 1 12 1 0 1 3.57 0 0 2 0 1 1 2 4 7  1.629  3.046  4.492
54 0 1 0 1 0 0 0 0 12 1 0 1 3.57 0 0 0 1 1 2 2 4 7  2.291  3.620  4.909
55 1 0 0 0 0 0 0 0 12 1 0 1 3.57 0 0 0 0 1 1 2 4 7  1.833  3.258  4.663
56 1 0 2 -3 1 1 1 1 12 1 0 0 2.87 0 0 2 0 0 1 2 3 7  1.466  2.932  4.430
57 0 1 0 0 1 1 0 0 13 1 0 1 3.18 0 0 0 1 1 1 3 4 8  2.173  3.639  5.209
58 0 0 0 -1 1 0 0 0 13 1 0 1 3.18 0 0 0 0 1 1 2 3 7  1.727  3.153  4.590
59 0 0 0 -2 1 1 0 0 13 1 0 1 3.18 0 0 0 0 0 1 2 3 7  1.382  2.838  4.360
60 1 0 2 -2 0 0 1 1 13 1 0 0 2.87 0 0 2 0 0 0 1 3 7  1.105  2.554  4.142
61 1 1 1 1 1 0 1 1 13 1 0 1 2.96 0 0 1 1 1 1 2 4 8  1.884  3.299  4.935
62 0 1 0 1 1 1 0 0 14 0 0 1 5.81 0 0 0 1 2 2 3 4 9  2.507  3.969  5.688
63 0 0 2 1 0 0 1 1 14 0 0 1 5.81 0 0 2 0 1 2 2 4 8  1.994  3.450  5.045
64 0 1 0 4 0 0 0 0 14 0 0 0 2.45 0 0 0 1 1 2 3 4 8  2.584  3.984  5.435
65 1 0 2 4 0 0 1 1 14 0 0 1 2.64 0 0 2 0 1 1 3 4 8  2.067  3.585  5.163
66 1 0 0 2 1 0 0 0 14 0 0 1 3.32 0 0 0 1 1 2 4 5 8  2.642  4.105  5.546
67 0 1 0 2 1 0 0 0 15 1 1 1 3.44 0 0 0 0 1 1 3 4 8  2.114  3.695  5.269
68 0 0 2 4 1 0 1 1 15 1 1 1 3.44 0 0 2 0 0 1 2 4 7  1.679  3.204  4.647
69 0 0 0 4 1 0 0 0 15 1 1 1 3.44 0 0 0 1 1 1 3 5 8  2.344  3.883  5.415
70 1 0 0 5 0 0 0 0 15 1 1 1 3.59 0 0 0 0 1 1 2 5 8  1.875  3.495  5.144
71 0 0 0 1 1 1 0 0 16 1 1 1 5.70 0 0 0 0 0 1 2 4 8  1.500  3.146  4.887
72 0 0 4 1 0 0 1 1 16 1 1 1 5.70 0 0 2 0 0 0 1 3 7  1.188  2.709  4.284
73 1 0 0 1 0 0 0 0 16 1 1 1 5.70 0 0 0 1 1 1 2 4 8  1.951  3.438  5.070
74 1 1 0 1 0 0 0 0 16 1 1 1 2.87 0 0 0 0 1 1 2 3 7  1.549  2.973  4.458
75 0 1 0 -1 1 0 0 0 17 0 1 0 5.24 0 0 0 0 0 1 1 3 7  1.239  2.676  4.235
76 0 0 2 0 0 0 1 1 17 0 1 0 5.24 0 0 2 0 0 0 1 2 7  0.991  2.408  4.023
77 0 0 0 -1 1 0 0 0 17 0 1 0 5.24 0 0 0 1 1 1 2 3 7  1.782  3.046  4.463
78 1 0 5 0 1 1 1 2 17 0 1 1 2.98 0 0 3 0 1 1 2 3 7  1.425  2.741  4.240
79 0 0 0 2 1 0 0 0 18 0 1 0 4.10 0 0 0 1 1 2 2 3 8  2.140  3.467  5.028
80 0 1 0 2 0 0 0 0 18 0 1 0 4.10 0 0 0 0 1 1 2 3 8  1.712  3.120  4.777
81 0 0 0 2 1 1 0 0 18 0 1 1 5.15 0 0 0 0 0 1 2 3 7  1.358  2.687  4.180
82 1 0 0 -2 0 0 0 0 18 0 1 1 2.87 0 0 0 0 0 0 2 3 6  1.075  2.296  3.612
83 0 0 0 0 0 0 0 0 19 0 1 1 4.23 0 0 0 0 0 0 1 2 6  0.860  2.067  3.431
84 0 0 0 0 0 0 0 0 19 0 1 1 4.23 0 0 0 0 0 0 1 2 5  0.676  1.739  2.901
85 0 1 0 1 1 1 0 0 19 0 1 1 4.23 0 0 0 0 0 0 0 2 5  0.541  1.565  2.756
86 1 0 0 1 1 1 0 0 19 0 1 0 1.85 0 0 0 0 0 0 0 2 4  0.421  1.287  2.260
87 0 0 2 2 0 0 1 1 20 1 1 0 2.69 0 0 2 0 0 0 0 1 4  0.337  1.158  2.147
88 0 0 0 2 1 0 0 0 20 1 1 0 2.69 0 0 0 1 1 1 1 2 5  1.270  2.042  3.040
89 0 0 0 1 0 0 0 0 20 1 1 0 2.69 0 0 0 0 1 1 1 1 4  1.004  1.716  2.529
90 1 0 0 1 0 0 0 0 20 1 1 0 2.69 0 0 0 0 0 1 1 1 4  0.803  1.545  2.403
91 0 0 1 1 0 0 1 1 21 1 1 1 2.66 0 0 1 0 0 0 1 1 4  0.643  1.390  2.283
92 0 0 0 0 1 1 0 0 21 1 1 1 2.66 0 0 0 1 1 1 2 2 5  1.514  2.251  3.168
93 0 0 0 0 1 0 0 0 21 1 1 1 2.66 0 0 0 0 1 1 2 2 4  1.200  1.905  2.652
94 1 0 0 6 0 0 0 0 21 1 1 1 2.66 0 0 0 0 0 1 1 2 4  0.960  1.714  2.519
95 0 0 0 0 0 0 0 0 22 1 1 1 2.94 0 0 0 0 0 0 1 2 4  0.768  1.543  2.393
96 0 0 0 0 1 0 0 0 22 1 1 1 2.94 0 0 0 0 0 0 1 2 4  0.614  1.388  2.273
97 0 0 0 0 0 0 0 0 22 1 1 1 2.94 0 0 0 0 0 0 1 2 3  0.480  1.128  1.801
98 1 1 0 -1 0 0 0 0 22 1 1 1 2.94 0 0 0 0 0 0 0 1 3  0.384  1.015  1.711
99 0 0 5 0 0 0 1 2 23 0 1 1 3.98 0 0 3 0 0 0 0 1 2  0.296  0.792  1.267
100 0 1 0 1 0 0 0 0 23 0 1 1 3.98 0 0 0 1 1 1 1 2 3  1.236  1.713  2.204
101 0 0 0 0 0 0 0 0 23 0 1 1 2.68 0 0 0 0 1 1 1 2 3  0.989  1.542  2.094
102 1 0 5 0 1 1 1 2 23 0 1 1 3.17 0 0 3 0 0 1 1 1 3  0.791  1.387  1.989
103 0 0 1 0 0 0 1 1 24 0 1 1 3.43 0 0 1 1 1 1 2 2 4  1.633  2.249  2.889
104 0 0 0 -4 1 0 0 0 24 0 1 1 3.43 0 0 0 1 2 2 3 3 5  2.306  3.024  3.745
105 0 0 0 -5 0 0 0 0 24 0 1 1 4.07 0 0 0 0 1 2 3 3 5  1.845  2.721  3.558
106 0 0 6 -4 1 1 1 2 24 0 1 0 3.76 0 0 3 0 0 1 2 3 5  1.476  2.449  3.380
107 1 0 1 -8 1 1 1 1 24 0 1 0 3.76 0 0 1 1 1 1 3 4 6  2.181  3.204  4.211
108 0 0 1 0 0 0 1 1 25 1 0 1 2.53 1 0 1 1 2 2 4 5 6  2.733  3.762  4.642
109 0 1 0 0 1 0 0 0 25 1 0 1 2.53 1 0 0 1 2 3 4 6 7  3.187  4.386  5.410
110 0 0 0 0 0 0 0 0 25 1 0 1 2.53 1 0 0 0 1 2 3 5 7  2.549  3.948  5.139
111 1 1 0 0 0 0 0 0 25 1 0 1 2.53 1 0 0 0 0 1 3 5 7  2.039  3.553  4.882
112 0 0 1 0 0 0 1 1 26 1 0 1 2.31 1 0 1 0 0 0 3 5 6  1.620  3.076  4.280
113 0 0 0 0 1 0 0 0 26 1 0 1 2.31 1 0 0 1 1 1 3 5 7  2.296  3.768  5.066
114 0 0 0 -4 0 0 0 0 26 1 0 1 2.31 1 0 0 0 1 1 2 4 7  1.837  3.391  4.812
115 1 0 0 -6 0 0 0 0 26 1 0 1 2.31 1 0 0 0 0 1 1 4 7  1.469  3.052  4.572
116 0 0 4 0 0 0 1 1 27 1 0 1 3.43 1 0 2 0 0 0 1 4 7  1.176  2.747  4.343
117 0 0 0 2 0 0 0 0 27 1 0 1 3.43 1 0 0 1 1 1 2 4 8  1.940  3.472  5.126
118 0 0 0 2 0 0 0 0 27 1 0 1 3.43 1 0 0 0 1 1 2 3 8  1.552  3.125  4.870
119 1 0 0 3 0 0 0 0 27 1 0 0 3.76 1 0 0 0 0 1 1 2 8  1.242  2.813  4.626
120 1 1 0 3 1 0 0 0 27 1 0 1 4.07 1 0 0 0 0 0 1 2 7  0.982  2.410  4.036
121 0 0 0 0 0 0 0 0 28 0 0 1 3.98 1 0 0 0 0 0 1 2 7  0.786  2.169  3.835
122 0 0 0 0 0 0 0 0 28 0 0 1 3.98 1 0 0 0 0 0 1 2 7  0.628  1.952  3.643
123 0 0 0 -1 0 0 0 0 28 0 0 1 3.98 1 0 0 0 0 0 0 1 6  0.491  1.635  3.102
124 1 0 0 -3 0 0 0 0 28 0 0 1 4.07 1 0 0 0 0 0 0 1 5  0.381  1.350  2.589
125 1 0 1 -3 0 0 1 1 28 0 0 0 2.69 1 0 1 0 0 0 0 1 5  0.305  1.215  2.459
126 0 0 0 0 0 0 0 0 29 1 0 1 4.23 1 0 0 1 1 1 1 2 6  1.244  2.094  3.336
127 0 1 5 -2 0 0 1 2 29 1 0 1 4.23 1 0 3 0 1 1 1 1 5  0.984  1.763  2.811
128 0 0 1 1 0 0 1 1 29 1 0 1 4.23 1 0 1 1 1 2 2 2 5  1.775  2.465  3.312
129 1 0 5 2 0 0 1 2 29 1 0 1 4.23 1 0 3 1 2 2 3 3 5  2.409  3.097  3.788
130 1 0 5 2 0 0 1 2 29 1 0 0 5.02 1 0 3 1 2 3 4 4 6  2.927  3.787  4.598
131 0 0 0 0 0 0 0 0 30 1 0 0 2.69 1 0 0 1 2 3 5 5 7  3.342  4.408  5.369
132 0 0 5 0 0 0 1 2 30 1 0 0 2.69 1 0 3 0 1 2 4 5 7  2.673  3.968  5.100
133 0 0 2 -1 0 0 1 1 30 1 0 0 2.69 1 0 2 1 1 2 5 6 7  3.127  4.449  5.487
134 1 0 1 -2 0 0 1 1 30 1 0 0 2.69 1 0 1 1 2 2 5 7 8  3.502  5.004  6.212
135 0 0 0 0 0 0 0 0 31 0 0 1 2.66 1 0 0 1 2 3 5 8 9  3.801  5.504  6.902
136 0 1 1 0 0 0 1 1 31 0 0 1 2.66 1 0 1 0 1 2 4 7 9  3.041  4.953  6.557
137 0 0 1 1 1 0 1 1 31 0 0 1 2.66 1 0 1 1 1 2 4 8 9  3.421  5.337  6.870
138 1 1 0 -1 1 0 0 0 31 0 0 1 2.66 1 0 0 1 2 2 5 8 10  3.737  5.803  7.527
139 0 0 5 0 0 0 1 2 32 1 1 0 3.49 0 0 3 0 1 2 4 7 10  2.990  5.223  7.150
140 0 0 0 0 1 1 0 0 32 1 1 0 3.49 0 0 0 1 1 2 4 7 11  3.392  5.700  7.793
141 0 0 1 -5 1 0 1 1 32 1 1 0 3.49 0 0 1 0 1 1 3 6 11  2.713  5.130  7.403
142 0 0 0 -8 0 0 0 0 32 1 1 1 4.66 0 0 0 1 1 2 4 7 12  3.171  5.617  8.033
143 1 0 1 -8 1 0 1 1 32 1 1 0 3.99 0 0 1 0 1 1 3 6 12  2.537  5.056  7.631
144 0 0 0 0 0 0 0 0 33 1 1 1 4.75 0 0 0 1 1 2 3 6 13  3.029  5.550  8.250
145 0 1 5 -2 1 1 1 2 33 1 1 1 4.75 0 0 3 0 1 1 3 5 13  2.423  4.995  7.837
146 0 0 0 -6 1 1 0 0 33 1 1 1 4.66 0 0 0 1 1 2 3 6 13  2.927  5.374  8.087
147 0 0 0 -8 0 0 0 0 33 1 1 1 2.86 0 0 0 0 1 1 3 5 13  2.342  4.837  7.683
148 1 0 0 -5 0 0 0 0 33 1 1 1 3.94 0 0 0 0 0 1 2 4 12  1.862  4.231  6.940
149 0 0 0 0 0 0 0 0 34 0 1 1 2.94 0 0 0 0 0 0 2 4 11  1.478  3.687  6.235
150 0 0 0 0 1 0 0 0 34 0 1 1 2.94 0 0 0 0 0 0 1 3 10  1.171  3.196  5.564
151 0 0 5 2 0 0 1 2 34 0 1 1 2.94 0 0 3 0 0 0 1 3 9  0.925  2.755  4.928
152 1 0 0 1 0 0 0 0 34 0 1 1 2.94 0 0 0 1 1 1 1 3 10  1.740  3.480  5.681
153 1 1 0 3 1 1 0 0 34 0 1 0 3.99 0 0 0 0 1 1 1 3 9  1.381  3.010  5.039
154 0 0 1 0 0 0 1 1 35 1 0 0 3.39 0 0 1 0 0 1 1 2 8  1.093  2.588  4.428
155 0 0 4 1 1 0 1 1 35 1 0 0 3.39 0 0 2 1 1 1 2 3 8  1.863  3.207  4.848
156 0 0 5 4 0 0 1 2 35 1 0 0 3.39 0 0 3 1 2 2 3 3 9  2.490  3.886  5.606
157 1 1 0 4 0 0 0 0 35 1 0 0 3.75 0 0 0 1 2 3 4 4 9  2.981  4.376  5.967
158 0 0 0 0 0 0 0 0 36 1 0 1 3.83 0 0 0 0 1 2 3 4 8  2.373  3.817  5.310
159 0 0 0 1 0 0 0 0 36 1 0 1 3.83 0 0 0 0 0 1 3 4 8  1.898  3.435  5.045
160 0 0 0 2 0 0 0 0 36 1 0 1 3.83 0 0 0 0 0 0 3 4 7  1.507  2.970  4.434
161 0 1 5 5 1 1 1 2 36 1 0 1 5.02 0 0 3 0 0 0 2 4 7  1.206  2.673  4.212
162 1 0 0 5 0 0 0 0 36 1 0 0 2.93 0 0 0 1 1 1 2 4 7  1.953  3.284  4.643
163 0 0 0 0 0 0 0 0 37 0 0 1 2.84 0 0 0 0 1 1 1 4 7  1.562  2.956  4.411
164 0 0 1 -3 0 0 1 1 37 0 0 1 2.84 0 0 1 0 0 1 1 4 6  1.238  2.539  3.832
165 0 0 0 -1 0 0 0 0 37 0 0 1 2.84 0 0 0 1 1 1 2 4 7  1.991  3.285  4.640
166 1 1 5 0 1 1 1 2 37 0 0 1 2.84 0 0 3 0 1 1 2 3 6  1.581  2.835  4.050
167 1 1 5 0 1 1 1 2 37 0 0 1 2.09 0 0 3 1 1 2 3 3 7  2.265  3.551  4.847
168 0 0 0 0 0 0 0 0 38 1 0 1 3.10 0 0 0 1 2 2 3 4 8  2.812  4.196  5.605
169 0 0 0 0 0 0 0 0 38 1 0 1 3.10 0 0 0 0 1 2 3 4 8  2.250  3.777  5.325
170 1 0 0 -2 0 0 0 0 38 1 0 1 3.10 0 0 0 0 0 1 3 4 8  1.800  3.399  5.059
171 1 0 0 -3 1 0 0 0 38 1 0 1 3.10 0 0 0 0 0 0 2 4 8  1.440  3.059  4.806
172 0 0 0 0 0 0 0 0 39 0 0 1 5.32 0 0 0 0 0 0 2 3 7  1.140  2.632  4.207
173 0 0 0 1 0 0 0 0 39 0 0 1 5.32 0 0 0 0 0 0 1 3 7  0.912  2.368  3.997
174 0 0 0 0 0 0 0 0 39 0 0 1 5.32 0 0 0 0 0 0 0 3 7  0.730  2.132  3.797
175 1 0 5 1 0 0 1 2 39 0 0 1 2.36 0 0 3 0 0 0 0 2 6  0.572  1.797  3.248
176 1 0 2 -1 1 0 1 1 39 0 0 1 2.64 0 0 2 1 1 1 1 3 6  1.446  2.496  3.727
177 1 0 0 0 0 0 0 0 39 0 0 0 2.93 0 0 0 1 2 2 2 3 6  2.145  3.124  4.183
178 0 0 0 0 0 0 0 0 40 0 0 1 5.08 0 0 0 0 1 2 2 2 6  1.716  2.812  3.974
179 0 0 1 3 1 0 1 1 40 0 0 1 5.08 0 0 1 0 0 1 2 2 6  1.373  2.531  3.775
180 0 0 0 4 1 0 0 0 40 0 0 0 4.45 0 0 0 1 1 1 3 3 7  2.098  3.278  4.586
181 0 0 0 6 0 0 0 0 40 0 0 0 2.93 0 0 0 0 1 1 3 3 7  1.679  2.950  4.357
182 1 0 3 6 0 0 1 1 40 0 0 1 12.00 0 0 2 0 0 1 2 3 6  1.332  2.533  3.780
183 1 0 5 10 0 0 1 2 40 0 0 0 12.00 0 0 3 1 1 1 2 4 7  2.065  3.280  4.591
184 0 0 0 0 0 0 0 0 41 1 0 0 3.49 1 0 0 1 2 2 3 5 8  2.652  3.952  5.362
185 0 1 0 -1 0 0 0 0 41 1 0 0 3.49 1 0 0 0 1 2 3 5 7  2.110  3.435  4.735
186 0 1 0 -1 1 0 0 0 41 1 0 0 3.49 1 0 0 0 0 1 2 4 7  1.688  3.092  4.499
187 1 1 0 1 1 1 0 0 41 1 0 0 3.49 1 0 0 0 0 0 2 3 6  1.339  2.661  3.915
188 1 1 0 4 0 0 0 0 41 1 0 1 4.66 1 0 0 0 0 0 2 3 5  1.060  2.273  3.361
189 0 0 0 0 0 0 0 0 42 1 0 0 3.97 1 0 0 0 0 0 1 3 5  0.848  2.046  3.193
190 0 0 0 0 1 1 0 0 42 1 0 0 3.97 1 0 0 0 0 0 0 2 5  0.678  1.841  3.033
191 0 0 0 -1 0 0 0 0 42 1 0 0 3.97 1 0 0 0 0 0 0 2 5  0.543  1.657  2.882
192 1 0 0 0 1 1 0 0 42 1 0 0 3.99 1 0 0 0 0 0 0 2 5  0.434  1.492  2.737
193 1 0 0 0 0 0 0 0 42 1 0 1 3.94 1 0 0 0 0 0 0 1 5  0.347  1.342  2.601
194 1 1 0 0 0 0 0 0 42 1 0 1 2.67 1 0 0 0 0 0 0 0 5  0.278  1.208  2.471
195 0 0 0 0 0 0 0 0 43 1 0 1 4.75 1 0 0 0 0 0 0 0 5  0.222  1.087  2.347
196 0 0 0 0 0 0 0 0 43 1 0 1 4.75 1 0 0 0 0 0 0 0 4  0.166  0.857  1.871
197 0 0 1 1 1 1 1 1 43 1 0 1 4.75 1 0 1 0 0 0 0 0 3  0.121  0.650  1.419
198 1 1 5 2 1 1 1 2 43 1 0 1 4.66 1 0 3 1 1 1 1 1 4  1.097  1.585  2.348
199 1 0 0 5 0 0 0 0 43 1 0 1 2.86 1 0 0 1 2 2 2 2 5  1.878  2.426  3.231
200 0 0 0 1 0 0 0 0 44 1 1 1 5.08 0 0 0 0 1 2 2 2 4  1.491  2.062  2.711
201 0 0 5 3 0 0 1 2 44 1 1 1 5.08 0 0 3 0 0 1 2 2 4  1.193  1.856  2.575
202 0 0 0 4 1 1 0 0 44 1 1 1 5.08 0 0 0 1 1 1 3 3 5  1.954  2.670  3.446
203 1 0 0 3 1 0 0 0 44 1 1 1 5.08 0 0 0 0 1 1 3 3 4  1.552  2.282  2.916
204 1 0 0 2 0 0 0 0 44 1 1 1 2.64 0 0 0 0 0 1 2 3 3  1.230  1.932  2.411
205 0 0 0 0 0 0 0 0 45 1 1 0 2.91 0 0 0 0 0 0 1 3 3  0.984  1.739  2.291
206 0 0 5 0 0 0 1 2 45 1 1 0 2.91 0 0 3 0 0 0 1 3 3  0.787  1.565  2.176
207 0 0 0 1 0 0 0 0 45 1 1 0 2.91 0 0 0 1 1 1 2 4 4  1.630  2.408  3.067
208 0 1 0 -1 1 0 0 0 45 1 1 1 1.54 0 0 0 0 1 1 1 3 4  1.304  2.168  2.914
209 1 1 5 -2 1 1 1 2 45 1 1 0 4.45 0 0 3 0 0 1 1 2 4  1.043  1.951  2.768
210 1 0 0 0 1 0 0 0 45 1 1 0 4.45 0 0 0 1 1 1 2 3 5  1.834  2.756  3.630
211 1 0 0 6 0 0 0 0 46 0 1 0 2.93 0 0 0 0 1 1 2 3 5  1.468  2.480  3.448
212 1 1 0 7 0 0 0 0 46 0 1 0 2.93 0 0 0 0 0 1 2 2 5  1.174  2.232  3.276
213 0 0 0 0 0 0 0 0 47 0 1 0 3.39 0 0 0 0 0 0 1 2 5  0.939  2.009  3.112
214 0 1 4 -2 1 1 1 1 47 0 1 0 3.39 0 0 2 0 0 0 1 2 5  0.751  1.808  2.957
215 0 0 5 -5 0 0 1 2 47 0 1 0 3.39 0 0 3 1 1 1 2 3 6  1.601  2.627  3.809
216 0 0 5 -6 0 0 1 2 47 0 1 0 3.75 0 0 3 1 2 2 2 4 7  2.281  3.364  4.618
217 1 1 1 -4 1 1 1 1 47 0 1 0 2.93 0 0 1 1 2 3 3 4 8  2.825  4.028  5.387
218 0 0 0 0 0 0 0 0 48 1 1 1 3.83 0 0 0 1 2 3 4 5 8  3.248  4.504  5.760
219 0 0 0 0 0 0 0 0 48 1 1 1 3.83 0 0 0 0 1 2 4 5 7  2.587  3.932  5.113
220 0 0 0 -1 0 0 0 0 48 1 1 1 3.83 0 0 0 0 0 1 4 4 7  2.070  3.539  4.857
221 1 0 5 -2 1 1 1 2 48 1 1 1 3.83 0 0 3 0 0 0 3 4 7  1.656  3.185  4.615
222 0 0 0 0 0 0 0 0 49 1 1 1 2.84 0 0 0 1 1 1 3 5 7  2.313  3.745  5.025
223 0 0 2 1 0 0 1 1 49 1 1 1 2.84 0 0 2 0 1 1 2 5 7  1.850  3.370  4.774
224 0 0 4 3 0 0 1 1 49 1 1 1 2.84 0 0 2 1 1 2 2 6 8  2.480  4.033  5.535
225 1 0 1 2 1 1 1 1 49 1 1 1 2.84 0 0 1 1 2 2 3 6 9  2.984  4.630  6.259
226 0 0 0 0 0 0 0 0 50 1 0 1 2.89 1 0 0 1 2 3 4 6 10  3.387  5.167  6.946
227 0 0 0 1 0 0 0 0 50 1 0 1 2.89 1 0 0 0 1 2 4 5 9  2.698  4.529  6.240
228 0 0 0 0 1 1 0 0 50 1 0 1 2.89 1 0 0 0 0 1 3 4 9  2.159  4.076  5.928
229 1 1 0 0 1 0 0 0 50 1 0 1 2.89 1 0 0 0 0 0 3 4 9  1.727  3.668  5.632
230 1 1 5 0 1 1 1 2 50 1 0 0 2.35 1 0 3 0 0 0 2 4 8  1.370  3.180  4.991
231 1 0 0 1 1 1 0 0 50 1 0 1 2.34 1 0 0 1 1 1 2 5 9  2.096  3.862  5.742
232 0 0 5 0 0 0 1 2 51 1 0 1 3.52 1 0 3 0 1 1 1 4 9  1.677  3.476  5.455
233 0 0 1 0 0 0 1 1 51 1 0 1 3.52 1 0 1 1 1 2 2 5 10  2.341  4.128  6.182
234 0 0 0 -6 0 0 0 0 51 1 0 1 3.52 1 0 0 1 2 2 3 5 11  2.873  4.715  6.873
235 1 0 0 -8 1 0 0 0 51 1 0 1 3.52 1 0 0 0 1 2 3 4 10  2.287  4.122  6.171
236 0 0 0 0 0 0 0 0 52 0 0 0 2.83 1 0 0 0 0 1 3 3 9  1.818  3.588  5.504
237 0 1 2 1 0 0 1 1 52 0 0 0 2.83 1 0 2 0 0 0 2 3 8  1.443  3.108  4.870
238 0 1 0 -1 1 0 0 0 52 0 0 0 2.83 1 0 0 1 1 1 3 4 8  2.143  3.676  5.268
239 1 0 0 0 0 0 0 0 52 0 0 1 3.94 1 0 0 0 1 1 2 4 8  1.714  3.308  5.005
240 1 0 0 -1 1 1 0 0 52 0 0 0 2.35 1 0 0 0 0 1 1 4 8  1.371  2.977  4.754
241 1 1 5 0 1 1 1 2 53 1 0 1 2.87 0 0 3 0 0 0 1 3 8  1.097  2.679  4.517
242 0 0 0 0 0 0 0 0 54 1 0 1 5.20 0 0 0 1 1 1 2 4 8  1.866  3.290  4.932
243 0 0 0 -5 0 0 0 0 54 1 0 1 5.20 0 0 0 0 1 1 2 3 8  1.493  2.961  4.686
244 0 0 0 -4 0 0 0 0 54 1 0 1 5.20 0 0 0 0 0 1 1 2 7  1.183  2.543  4.093
245 1 0 0 -4 1 1 0 0 54 1 0 1 5.20 0 0 0 0 0 0 1 2 6  0.935  2.167  3.530
246 1 0 0 -5 0 0 0 0 54 1 0 1 2.98 0 0 0 0 0 0 1 2 5  0.736  1.829  2.995
247 0 0 0 0 0 0 0 0 55 1 0 1 3.44 0 0 0 0 0 0 1 2 5  0.589  1.646  2.845
248 0 0 4 -3 0 0 1 1 55 1 0 1 3.44 0 0 2 0 0 0 0 1 5  0.471  1.482  2.703
249 0 1 1 0 0 0 1 1 55 1 0 1 3.44 0 0 1 1 1 1 1 2 6  1.377  2.333  3.568
250 1 0 5 -1 1 1 1 2 55 1 0 1 3.44 0 0 3 1 2 2 2 3 7  2.102  3.100  4.389
251 1 0 4 -3 0 0 1 1 55 1 0 1 2.87 0 0 2 1 2 3 3 4 7  2.670  3.668  4.811
252 0 0 5 0 0 0 1 2 56 1 0 0 4.10 0 0 3 1 2 3 4 4 8  3.136  4.302  5.571
253 0 0 4 6 1 1 1 1 56 1 0 1 3.82 0 0 2 1 2 3 5 5 8  3.497  4.750  5.934
254 0 1 0 8 0 0 0 0 56 1 0 1 3.82 0 0 0 1 2 3 6 6 8  3.786  5.153  6.279
255 0 0 0 4 0 0 0 0 56 1 0 1 3.58 0 0 0 0 1 2 5 6 8  3.029  4.638  5.965
256 1 1 5 1 1 0 1 2 56 1 0 0 5.24 0 0 3 0 0 1 4 6 8  2.423  4.174  5.666
257 0 0 0 2 0 0 0 0 57 1 1 0 2.83 0 0 0 1 1 1 4 7 9  2.939  4.757  6.383
258 0 0 0 2 0 0 0 0 57 1 1 0 2.83 0 0 0 0 1 1 3 7 8  2.339  4.160  5.706
259 0 0 0 0 0 0 0 0 57 1 1 0 2.83 0 0 0 0 0 1 2 6 8  1.871  3.744  5.420
260 1 1 0 0 1 1 0 0 57 1 1 0 2.35 0 0 0 0 0 0 1 5 8  1.497  3.369  5.149
261 1 0 5 0 1 1 1 2 57 1 1 1 1.96 0 0 3 0 0 0 1 4 8  1.198  3.032  4.892
262 0 0 0 0 1 0 0 0 58 1 1 1 3.52 0 0 0 1 1 1 2 4 8  1.947  3.607  5.289
263 0 0 2 -1 1 1 1 1 58 1 1 1 3.52 0 0 2 0 1 1 1 3 8  1.557  3.247  5.024
264 0 1 0 0 1 1 0 0 58 1 1 0 7.40 0 0 0 1 1 2 2 3 9  2.246  3.922  5.773
265 1 1 5 2 1 1 1 2 58 1 1 1 3.94 0 0 3 0 1 1 2 3 9  1.797  3.530  5.484
266 1 0 1 1 0 0 1 1 58 1 1 0 2.35 0 0 1 1 1 2 3 4 10  2.437  4.177  6.210
267 0 0 5 5 0 0 1 2 59 0 1 0 3.47 0 0 3 1 2 2 4 4 11  2.950  4.759  6.900
268 0 1 0 5 0 0 0 0 59 0 1 0 3.47 0 0 0 1 2 3 4 5 12  3.360  5.283  7.555
269 1 1 0 5 0 0 0 0 59 0 1 0 3.47 0 0 0 0 1 2 4 5 11  2.676  4.633  6.818
270 1 1 0 5 0 0 0 0 59 0 1 0 3.47 0 0 0 0 0 1 3 5 10  2.130  4.048  6.119
271 0 0 5 3 0 0 1 2 60 1 1 1 3.44 0 0 3 0 0 0 3 5 9  1.692  3.522  5.455
272 0 0 0 2 0 0 0 0 60 1 1 1 3.44 0 0 0 1 1 1 3 5 9  2.342  4.048  5.823
273 0 1 0 1 1 0 0 0 60 1 1 1 2.98 0 0 0 0 1 1 2 5 8  1.862  3.522  5.174
274 1 1 0 8 0 0 0 0 60 1 1 0 4.10 0 0 0 0 0 1 1 4 7  1.478  3.048  4.557
275 0 0 0 1 0 0 0 0 61 1 1 1 3.82 0 0 0 0 0 0 1 4 7  1.183  2.743  4.329
276 0 1 0 -1 1 1 0 0 61 1 1 1 3.82 0 0 0 0 0 0 1 3 7  0.946  2.469  4.112
277 0 0 0 1 0 0 0 0 61 1 1 0 5.24 0 0 0 0 0 0 1 2 6  0.745  2.100  3.548
278 1 0 5 -2 1 0 1 2 61 1 1 0 4.10 0 0 3 0 0 0 0 1 6  0.596  1.890  3.371
279 0 0 0 1 0 0 0 0 62 1 1 1 5.20 0 0 0 1 1 1 1 2 7  1.477  2.701  4.202
280 0 0 2 1 1 0 1 1 62 1 1 1 5.20 0 0 2 0 1 1 1 2 7  1.182  2.431  3.992
281 0 0 5 -2 1 1 1 2 62 1 1 1 5.20 0 0 3 1 1 2 2 3 8  1.945  3.188  4.793
282 1 0 0 -2 0 0 0 0 62 1 1 0 5.24 0 0 0 1 2 2 3 3 8  2.545  3.748  5.194
283 1 1 0 -2 1 1 0 0 62 1 1 0 5.24 0 0 0 0 1 2 3 3 8  2.036  3.373  4.935
284 0 0 0 0 0 0 0 0 63 1 0 1 3.57 0 0 0 0 0 1 3 3 7  1.617  2.914  4.329
285 0 1 1 0 0 0 1 1 63 1 0 1 3.57 0 0 1 0 0 0 2 3 7  1.294  2.623  4.113
286 0 0 0 2 0 0 0 0 63 1 0 1 3.57 0 0 0 1 1 1 3 4 7  2.023  3.239  4.549
287 1 1 0 -3 1 1 0 0 63 1 0 0 2.87 0 0 0 0 1 1 2 4 6  1.607  2.793  3.963
288 0 0 5 0 0 0 1 2 64 0 0 1 3.05 0 0 3 0 0 1 1 4 5  1.274  2.392  3.406
289 0 0 0 2 0 0 0 0 64 0 0 1 3.05 0 0 0 1 1 1 2 4 6  2.019  3.153  4.236
290 0 1 2 2 1 1 1 1 64 0 0 1 3.05 0 0 2 0 1 1 2 4 6  1.616  2.838  4.024
291 1 0 5 2 1 1 1 2 64 0 0 1 3.05 0 0 3 1 1 2 3 4 7  2.292  3.554  4.823
292 1 1 1 6 0 0 1 1 64 0 0 1 2.64 0 0 1 1 2 2 3 4 7  2.822  4.077  5.223
293 0 0 2 0 0 0 1 1 65 0 0 0 2.91 0 0 2 1 2 3 4 5 8  3.258  4.669  5.962
294 0 0 5 2 1 1 1 2 65 0 0 0 2.91 0 0 3 1 2 3 5 6 9  3.606  5.202  6.664
295 0 0 5 8 1 1 1 2 65 0 0 1 3.18 0 0 3 1 2 3 5 7 10  3.885  5.682  7.331
296 0 1 0 9 0 0 0 0 65 0 0 1 2.64 0 0 0 1 2 3 6 7 11  4.108  6.114  7.964
297 1 0 0 6 1 0 0 0 65 0 0 1 3.32 0 0 0 0 1 2 5 7 11  3.286  5.503  7.566
298 0 0 5 2 0 0 1 2 66 1 1 1 3.94 0 0 3 0 0 1 4 7 11  2.629  4.952  7.188
299 0 1 0 0 1 1 0 0 66 1 1 1 3.94 0 0 0 1 1 1 4 7 11  3.092  5.336  7.470
300 0 1 0 1 0 0 0 0 66 1 1 1 3.94 0 0 0 0 1 1 3 7 11  2.473  4.802  7.096
301 1 1 0 1 1 1 0 0 66 1 1 0 4.20 0 0 0 0 0 1 2 6 10  1.967  4.200  6.383
302 1 0 0 0 0 0 0 0 66 1 1 1 3.51 0 0 0 0 0 0 1 5 9  1.562  3.659  5.705
303 1 1 1 1 0 0 1 1 66 1 1 0 4.39 0 0 1 0 0 0 1 4 9  1.250  3.293  5.420
304 0 0 1 0 0 0 1 1 67 1 1 1 2.95 0 0 1 1 1 1 2 4 10  2.000  3.963  6.149
305 0 0 1 0 0 0 1 1 67 1 1 1 2.95 0 0 1 1 2 2 2 4 11  2.600  4.567  6.842
306 0 0 0 0 0 0 0 0 67 1 1 1 2.95 0 0 0 1 2 3 3 4 11  3.068  4.989  7.141
307 1 0 0 0 1 1 0 0 67 1 1 1 2.95 0 0 0 0 1 2 3 4 11  2.455  4.490  6.784
308 1 1 5 0 1 1 1 2 67 1 1 1 2.95 0 0 3 0 0 1 3 4 11  1.964  4.041  6.445
309 0 0 0 0 0 0 0 0 68 1 1 1 3.66 0 0 0 1 1 1 4 4 11  2.559  4.515  6.764
310 0 1 0 3 0 0 0 0 68 1 1 1 3.66 0 0 0 0 1 1 3 4 11  2.048  4.064  6.426
311 0 0 0 4 1 0 0 0 68 1 1 1 3.66 0 0 0 0 0 1 2 4 10  1.627  3.536  5.746
312 1 0 0 8 0 0 0 0 68 1 1 1 3.66 0 0 0 0 0 0 1 4 9  1.290  3.061  5.100
313 0 0 0 3 0 0 0 0 69 1 1 0 2.91 0 0 0 0 0 0 1 4 8  1.020  2.633  4.487
314 0 0 0 3 1 1 0 0 69 1 1 0 2.91 0 0 0 0 0 0 1 3 7  0.805  2.248  3.904
315 0 0 0 2 0 0 0 0 69 1 1 0 2.91 0 0 0 0 0 0 0 2 6  0.632  1.902  3.350
316 1 0 0 2 0 0 0 0 69 1 1 0 2.87 0 0 0 0 0 0 0 1 5  0.494  1.590  2.824
317 0 0 0 0 0 0 0 0 70 1 1 1 3.57 0 0 0 0 0 0 0 1 5  0.395  1.431  2.683
318 0 1 5 -2 1 1 1 2 70 1 1 1 3.57 0 0 3 0 0 0 0 1 5  0.316  1.288  2.549
319 0 0 2 0 0 0 1 1 70 1 1 1 3.57 0 0 2 1 1 1 1 1 5  1.242  2.038  3.063
320 1 0 1 -1 0 0 1 1 70 1 1 1 2.64 0 0 1 1 2 2 2 2 6  1.993  2.834  3.910
321 0 0 0 0 0 0 0 0 71 0 1 1 3.71 0 0 0 1 2 3 3 3 7  2.595  3.550  4.714
322 0 0 0 -1 0 0 0 0 71 0 1 1 3.71 0 0 0 0 1 2 3 3 7  2.076  3.195  4.479
323 0 0 0 -2 1 1 0 0 71 0 1 1 3.71 0 0 0 0 0 1 3 3 7  1.661  2.876  4.255
324 0 1 0 -4 1 1 0 0 71 0 1 0 2.45 0 0 0 0 0 0 3 3 6  1.317  2.467  3.684
325 0 0 3 0 0 0 1 1 72 1 0 1 2.95 1 0 2 0 0 0 2 3 5  1.042  2.098  3.141
326 0 0 0 2 0 0 0 0 72 1 0 1 2.95 1 0 0 1 1 1 2 4 5  1.822  2.767  3.625
327 0 1 0 2 0 0 0 0 72 1 0 1 2.95 1 0 0 0 1 1 1 4 5  1.458  2.490  3.444
328 1 0 0 1 0 0 0 0 72 1 0 1 3.77 1 0 0 0 0 1 1 4 5  1.166  2.241  3.272
329 0 0 1 0 0 0 1 1 73 0 0 1 3.66 1 0 1 0 0 0 1 3 4  0.921  1.896  2.750
330 0 1 0 2 0 0 0 0 73 0 0 1 3.66 1 0 0 1 1 1 2 3 5  1.737  2.706  3.612
331 0 0 0 2 1 0 0 0 73 0 0 1 3.66 1 0 0 0 1 1 2 2 5  1.390  2.435  3.432
332 1 1 1 2 1 0 1 1 73 0 0 1 3.66 1 0 1 0 0 1 1 2 5  1.112  2.192  3.260
333 1 0 5 1 1 0 1 2 73 0 0 0 2.64 1 0 3 1 1 1 2 3 6  1.889  2.973  4.097
334 0 0 0 0 0 0 0 0 74 0 0 1 3.14 1 0 0 1 2 2 3 4 7  2.512  3.675  4.892
335 0 0 0 0 0 0 0 0 74 0 0 1 3.14 1 0 0 0 1 2 3 4 7  2.009  3.308  4.648
336 0 0 0 0 0 0 0 0 74 0 0 1 3.14 1 0 0 0 0 1 2 3 7  1.607  2.977  4.415
337 1 1 5 -1 0 0 1 2 74 0 0 1 3.14 1 0 3 0 0 0 2 3 7  1.286  2.679  4.194
338 0 0 0 0 0 0 0 0 75 1 0 1 2.31 1 0 0 1 1 1 3 4 8  2.029  3.411  4.985
339 0 0 0 2 0 0 0 0 75 1 0 1 2.31 1 0 0 0 1 1 2 4 7  1.611  2.949  4.377
340 0 1 0 2 0 0 0 0 75 1 0 1 2.31 1 0 0 0 0 1 1 3 6  1.278  2.532  3.800
341 1 0 0 2 1 1 0 0 75 1 0 1 3.77 1 0 0 0 0 0 1 3 5  1.011  2.157  3.251
342 1 1 0 1 0 0 0 0 75 1 0 1 1.58 1 0 0 0 0 0 1 3 5  0.808  1.942  3.089
343 0 0 0 0 0 0 0 0 76 0 0 1 3.52 1 0 0 0 0 0 1 2 5  0.647  1.748  2.934
344 0 0 0 0 0 0 0 0 76 0 0 1 3.52 1 0 0 0 0 0 0 1 5  0.517  1.573  2.788
345 0 0 0 0 1 0 0 0 76 0 0 1 3.52 1 0 0 0 0 0 0 1 5  0.414  1.416  2.648
346 1 0 0 0 0 0 0 0 76 0 0 1 2.82 1 0 0 0 0 0 0 1 4  0.320  1.152  2.157
347 1 0 0 -2 0 0 0 0 77 0 0 1 2.82 1 0 0 0 0 0 0 1 4  0.256  1.037  2.049
348 1 0 5 -2 1 1 1 2 77 0 0 0 4.85 1 0 3 0 0 0 0 0 4  0.205  0.933  1.947
349 0 0 0 0 0 0 0 0 78 0 0 1 2.53 1 0 0 1 1 1 1 1 5  1.164  1.840  2.850
350 0 0 0 1 0 0 0 0 78 0 0 1 2.53 1 0 0 0 1 1 1 1 4  0.919  1.535  2.349
351 0 0 0 2 0 0 0 0 78 0 0 1 2.53 1 0 0 0 0 1 1 1 4  0.736  1.381  2.231
352 1 0 6 2 1 1 1 2 78 0 0 1 2.53 1 0 3 0 0 0 1 1 4  0.588  1.243  2.120
353 0 0 0 0 0 0 0 0 79 1 1 1 3.43 0 0 0 1 1 1 2 2 4  1.459  1.997  2.655
354 0 0 0 0 0 0 0 0 79 1 1 1 3.43 0 0 0 0 1 1 2 2 3  1.156  1.676  2.164
355 0 0 1 1 1 1 1 1 79 1 1 1 3.43 0 0 1 0 0 1 1 2 3  0.925  1.508  2.056
356 1 0 0 -2 0 0 0 0 79 1 1 1 2.68 0 0 0 1 1 1 2 3 4  1.740  2.357  2.953
357 1 0 4 5 1 1 1 1 80 1 1 1 2.87 0 0 2 0 1 1 2 3 4  1.392  2.122  2.805
358 0 0 0 0 0 0 0 0 81 1 1 1 2.94 0 0 0 1 1 2 3 4 4  2.102  2.788  3.307
359 0 0 0 -1 0 0 0 0 81 1 1 1 2.94 0 0 0 0 1 1 2 3 4  1.682  2.509  3.141
360 0 0 0 -1 0 0 0 0 81 1 1 1 2.94 0 0 0 0 0 1 2 3 4  1.345  2.258  2.984
361 1 0 0 -1 0 0 0 0 81 1 1 1 2.94 0 0 0 0 0 0 2 3 4  1.076  2.032  2.835
362 1 0 0 1 0 0 0 0 81 1 1 0 2.69 0 0 0 0 0 0 1 3 4  0.861  1.829  2.693
363 0 0 0 0 0 0 0 0 82 1 1 0 2.69 0 0 0 0 0 0 1 2 4  0.689  1.646  2.559
364 0 0 0 -1 0 0 0 0 82 1 1 0 2.69 0 0 0 0 0 0 0 2 4  0.551  1.482  2.431
365 0 0 0 -1 1 0 0 0 82 1 1 0 2.69 0 0 0 0 0 0 0 2 4  0.441  1.333  2.309
366 1 0 2 -2 0 0 1 1 82 1 1 0 2.69 0 0 2 0 0 0 0 1 4  0.353  1.200  2.194
367 0 0 0 0 0 0 0 0 83 1 1 1 2.66 0 0 0 1 1 1 1 2 5  1.282  2.080  3.084
368 0 0 0 1 0 0 0 0 83 1 1 1 2.66 0 0 0 0 1 1 1 1 5  1.026  1.872  2.930
369 0 1 0 1 1 1 0 0 83 1 1 1 2.66 0 0 0 0 0 1 1 1 4  0.809  1.563  2.425
370 1 0 0 2 0 0 0 0 83 1 1 1 2.66 0 0 0 0 0 0 1 1 4  0.647  1.407  2.304
371 1 0 0 2 0 0 0 0 84 0 1 1 3.33 0 0 0 0 0 0 1 1 4  0.518  1.266  2.188
372 0 0 4 0 0 0 1 1 85 1 0 1 3.43 1 0 2 0 0 0 1 1 4  0.414  1.140  2.079
373 0 0 0 -1 0 0 0 0 85 1 0 1 3.43 1 0 0 1 1 1 1 2 4  1.320  1.904  2.617
374 0 0 0 -1 1 0 0 0 85 1 0 1 3.43 1 0 0 0 1 1 1 2 4  1.056  1.714  2.486
375 1 0 5 0 0 0 1 2 85 1 0 1 2.87 1 0 3 0 0 1 1 2 4  0.845  1.542  2.361
376 1 1 0 0 1 1 0 0 85 1 0 1 2.87 1 0 0 1 1 1 2 3 4  1.664  2.267  2.885
377 0 0 3 0 0 0 1 1 86 1 0 1 2.94 1 0 2 0 1 1 2 2 4  1.331  2.040  2.741
378 0 1 5 3 1 1 1 2 86 1 0 1 2.94 1 0 3 1 1 2 3 3 4  2.054  2.714  3.245
379 0 0 5 1 0 0 1 2 86 1 0 1 2.94 1 0 3 1 2 2 3 4 5  2.643  3.443  4.083
380 0 0 0 1 1 1 0 0 86 1 0 0 4.35 1 0 0 1 2 3 4 5 6  3.114  4.099  4.879
381 1 0 1 2 1 1 1 1 86 1 0 0 4.35 1 0 1 0 1 2 4 5 6  2.491  3.689  4.635
382 0 0 0 0 0 0 0 0 87 0 0 1 3.17 1 0 0 1 1 2 4 6 7  2.993  4.320  5.403
383 0 0 0 2 0 0 0 0 87 0 0 1 3.17 1 0 0 0 1 1 4 5 7  2.395  3.888  5.133
384 0 0 1 0 0 0 1 1 87 0 0 1 3.17 1 0 1 0 0 1 3 5 7  1.916  3.499  4.876
385 1 1 1 -4 0 0 1 1 87 0 0 0 2.69 1 0 1 1 1 1 3 6 8  2.532  4.149  5.632
386 1 1 5 -5 1 0 1 2 87 0 0 1 3.93 1 0 3 1 2 2 3 6 9  3.026  4.734  6.351
387 0 0 1 0 0 0 1 1 88 0 0 1 2.28 1 0 1 1 2 3 4 7 9  3.409  5.139  6.675
388 0 0 5 0 1 0 1 2 88 0 0 1 2.28 1 0 3 1 2 3 4 7 10  3.727  5.625  7.341
389 0 0 0 -2 0 0 0 0 88 0 0 1 2.28 1 0 0 1 2 3 5 7 11  3.982  6.063  7.974
390 1 0 0 -2 0 0 0 0 88 0 0 1 4.07 1 0 0 0 1 2 5 6 11  3.186  5.457  7.575
391 0 0 0 0 0 0 0 0 89 1 0 1 2.60 1 0 0 0 0 1 4 6 11  2.548  4.911  7.197
392 0 0 0 0 0 0 0 0 89 1 0 1 2.60 1 0 0 0 0 0 3 5 11  2.039  4.420  6.837
393 0 1 2 0 1 0 1 1 89 1 0 1 2.60 1 0 2 0 0 0 2 5 10  1.619  3.856  6.136
394 1 0 0 2 0 0 0 0 89 1 0 0 3.92 1 0 0 1 1 1 2 6 11  2.296  4.471  6.830
395 1 1 1 3 0 0 1 1 89 1 0 0 5.02 1 0 1 0 1 1 1 5 11  1.836  4.024  6.488
396 0 0 1 0 0 0 1 1 90 1 0 0 2.69 1 0 1 1 1 2 2 5 11  2.458  4.500  6.805
397 0 1 0 0 0 0 0 0 90 1 0 0 2.69 1 0 0 1 2 2 3 5 12  2.966  5.050  7.465
398 0 0 1 1 1 1 1 1 90 1 0 0 2.69 1 0 1 0 1 2 3 4 11  2.361  4.423  6.733
399 1 0 5 -5 0 0 1 2 90 1 0 0 2.69 1 0 3 1 1 2 4 4 11  2.878  4.859  7.038
400 0 0 0 0 0 0 0 0 91 1 0 1 2.66 1 0 0 1 2 2 4 5 11  3.291  5.252  7.328
401 0 1 1 -1 1 0 1 1 91 1 0 1 2.66 1 0 1 0 1 2 4 5 11  2.632  4.727  6.961
402 0 0 0 -3 0 0 0 0 91 1 0 1 2.66 1 0 0 1 1 2 4 6 11  3.094  5.132  7.255
403 1 0 0 -8 0 0 0 0 91 1 0 1 2.66 1 0 0 0 1 1 3 6 11  2.476  4.619  6.892
404 0 0 4 0 0 0 1 1 92 0 1 1 2.82 0 0 2 0 0 1 3 5 11  1.980  4.157  6.547
405 0 0 0 -1 0 0 0 0 92 0 1 1 2.82 0 0 0 1 1 1 3 6 11  2.573  4.620  6.862
406 0 0 0 -1 0 0 0 0 92 0 1 1 2.82 0 0 0 0 1 1 2 5 10  2.047  4.036  6.160
407 1 1 5 -4 1 1 1 2 92 0 1 1 2.82 0 0 3 0 0 1 2 4 9  1.626  3.511  5.493
408 0 0 5 1 0 0 1 2 93 1 1 0 3.43 0 0 3 1 1 1 2 5 9  2.289  4.038  5.860
409 0 0 0 3 0 0 0 0 93 1 1 0 3.43 0 0 0 1 2 2 3 5 9  2.820  4.513  6.209
410 0 1 5 4 0 0 1 2 93 1 1 0 3.43 0 0 3 0 1 2 3 4 9  2.256  4.062  5.898
411 1 1 0 3 0 0 0 0 93 1 1 1 1.58 0 0 0 1 1 2 3 5 10  2.805  4.656  6.603
412 0 0 0 0 0 0 0 0 94 1 1 1 3.19 0 0 0 0 1 1 3 4 10  2.244  4.190  6.273
413 0 1 2 0 0 0 1 1 94 1 1 1 3.19 0 0 2 0 0 1 3 4 10  1.795  3.771  5.960
414 0 0 1 2 0 0 1 1 94 1 1 1 3.19 0 0 1 1 1 1 3 5 10  2.424  4.272  6.303
415 1 0 0 5 1 0 0 0 94 1 1 1 3.19 0 0 0 1 2 2 3 5 11  2.940  4.845  6.988
416 1 0 0 4 0 0 0 0 94 1 1 0 3.53 0 0 0 0 1 2 3 5 10  2.340  4.239  6.280
417 0 0 0 0 0 0 0 0 95 0 1 1 2.31 0 0 0 0 0 1 2 5 9  1.861  3.694  5.608
418 0 1 5 1 1 0 1 2 95 0 1 1 2.31 0 0 3 0 0 0 2 4 9  1.488  3.324  5.327
419 0 0 0 2 0 0 0 0 95 0 1 1 2.31 0 0 0 1 1 1 3 4 9  2.179  3.870  5.702
420 1 1 0 2 0 0 0 0 95 0 1 1 2.31 0 0 0 0 1 1 2 4 8  1.732  3.362  5.059
421 1 0 0 0 0 0 0 0 96 0 1 1 2.13 0 0 0 0 0 1 1 3 8  1.385  3.025  4.806
422 1 0 5 0 1 1 1 2 96 0 1 1 3.21 0 0 3 0 0 0 1 3 7  1.097  2.601  4.207
423 0 0 5 0 0 0 1 2 97 1 1 1 2.53 0 0 3 1 1 1 2 4 8  1.877  3.341  4.997
424 0 0 1 -3 0 0 1 1 97 1 1 1 2.53 0 0 1 1 2 2 3 4 9  2.502  4.007  5.747
425 0 0 1 -1 0 0 1 1 97 1 1 1 2.53 0 0 1 1 2 3 3 4 9  2.990  4.485  6.101
426 0 0 6 -3 1 1 1 2 97 1 1 0 3.53 0 0 3 1 2 3 4 5 10  3.392  5.036  6.796
427 1 1 4 -4 0 0 1 1 97 1 1 1 3.21 0 0 2 1 2 3 5 6 11  3.714  5.533  7.456
428 0 0 0 0 0 0 0 0 98 1 0 0 3.47 1 0 0 1 2 3 6 7 11  3.959  5.858  7.725
429 0 0 5 0 0 0 1 2 98 1 0 0 3.47 1 0 3 0 1 2 5 6 10  3.156  5.150  6.980
430 0 0 0 2 0 0 0 0 98 1 0 0 3.47 1 0 0 1 1 2 5 7 11  3.525  5.635  7.631
431 1 0 5 0 0 0 1 2 98 1 0 1 2.34 1 0 3 0 1 1 4 7 10  2.808  4.950  6.891
432 0 0 0 0 0 0 0 0 99 1 0 1 3.52 1 0 0 1 1 2 4 8 11  3.247  5.455  7.547
433 0 0 0 0 1 0 0 0 99 1 0 1 3.52 1 0 0 0 1 1 3 7 11  2.597  4.910  7.169
434 0 0 1 1 1 1 1 1 99 1 0 1 3.52 1 0 1 0 0 1 2 6 10  2.066  4.297  6.452
435 1 0 1 1 1 1 1 1 99 1 0 1 3.52 1 0 1 1 1 1 3 6 10  2.642  4.746  6.771
436 0 0 1 0 1 1 1 1 100 0 0 0 2.83 1 0 1 1 2 2 3 6 11  3.113  5.271  7.433
437 0 0 0 5 0 0 0 0 100 0 0 0 2.83 1 0 0 1 2 3 4 6 12  3.491  5.744  8.061
438 0 0 0 1 0 0 0 0 100 0 0 1 3.18 1 0 0 0 1 2 3 5 12  2.792  5.170  7.658
439 1 0 5 -3 1 1 1 2 100 0 0 0 7.40 1 0 3 0 0 1 3 5 11  2.222  4.531  6.917
440 1 0 1 2 0 0 1 1 100 0 0 1 2.34 1 0 1 1 1 1 4 5 12  2.778  5.078  7.571
441 0 0 2 0 0 0 1 1 101 1 0 1 3.44 0 0 2 1 2 2 4 6 13  3.222  5.570  8.192
442 0 1 0 3 0 0 0 0 101 1 0 1 3.44 0 0 0 1 2 3 4 6 14  3.578  6.013  8.783
443 0 0 0 2 0 0 0 0 101 1 0 1 3.44 0 0 0 0 1 2 3 6 13  2.851  5.290  7.985
444 1 0 0 2 0 0 0 0 101 1 0 1 3.44 0 0 0 0 0 1 3 6 12  2.269  4.640  7.227
445 1 1 1 3 1 0 1 1 101 1 0 1 3.59 0 0 1 0 0 0 3 5 11  1.804  4.054  6.507
446 1 1 0 5 0 0 0 0 101 1 0 1 3.58 0 0 0 1 1 1 3 5 11  2.431  4.527  6.824
447 1 0 0 -4 0 0 0 0 103 1 0 1 2.98 0 0 0 0 1 1 2 4 10  1.934  3.953  6.124
448 0 0 0 0 0 0 0 0 104 0 0 0 3.72 0 0 0 0 0 1 1 4 9  1.535  3.436  5.459
449 0 0 0 0 1 1 0 0 104 0 0 0 3.72 0 0 0 0 0 0 1 4 9  1.228  3.092  5.186
450 0 0 0 5 0 0 0 0 104 0 0 0 3.72 0 0 0 0 0 0 1 3 8  0.971  2.662  4.568
451 1 0 1 -2 1 0 1 1 104 0 0 1 3.59 0 0 1 0 0 0 1 2 8  0.777  2.395  4.340
452 1 1 5 -2 0 0 1 2 104 0 0 1 1.96 0 0 3 1 1 1 1 2 8  1.610  3.034  4.765
453 1 1 0 2 1 1 0 0 105 1 1 1 2.55 0 0 0 1 2 2 2 3 9  2.288  3.731  5.526
454 0 0 0 0 0 0 0 0 106 1 1 1 4.38 0 0 0 0 1 2 2 3 9  1.830  3.358  5.250
455 0 1 0 1 0 0 0 0 106 1 1 1 4.38 0 0 0 0 0 1 2 3 8  1.453  2.900  4.629
456 0 0 0 1 0 0 0 0 106 1 1 1 4.38 0 0 0 0 0 0 2 2 7  1.151  2.489  4.039
457 1 1 5 -1 0 0 1 2 106 1 1 0 3.49 0 0 3 0 0 0 2 2 6  0.909  2.118  3.479
458 1 0 0 0 0 0 0 0 106 1 1 1 2.55 0 0 0 1 1 1 2 3 7  1.727  2.907  4.305
459 0 0 1 0 0 0 1 1 107 1 1 1 3.31 0 0 1 0 1 1 1 3 7  1.382  2.616  4.089
460 0 0 0 0 0 0 0 0 107 1 1 1 3.31 0 0 0 1 1 2 2 4 7  2.094  3.233  4.527
461 0 0 0 0 0 0 0 0 107 1 1 1 3.31 0 0 0 0 1 1 2 4 6  1.664  2.788  3.942
462 1 1 0 3 1 1 0 0 107 1 1 1 3.31 0 0 0 0 0 1 2 3 5  1.319  2.388  3.386
463 0 0 0 0 0 0 0 0 108 1 1 1 3.18 0 0 0 0 0 0 2 2 5  1.055  2.149  3.217
464 0 0 0 0 0 0 0 0 108 1 1 1 3.18 0 0 0 0 0 0 1 2 5  0.844  1.934  3.056
465 0 1 5 0 1 1 1 2 108 1 1 1 3.18 0 0 3 0 0 0 1 2 5  0.676  1.740  2.903
466 1 0 0 0 0 0 0 0 108 1 1 0 3.49 0 0 0 1 1 1 1 3 5  1.529  2.445  3.400
467 1 0 1 0 0 0 1 1 108 1 1 0 5.77 0 0 1 0 1 1 1 3 5  1.223  2.200  3.230
468 0 0 0 0 0 0 0 0 109 1 1 1 3.14 0 0 0 1 1 2 2 3 6  1.978  2.980  4.068
469 0 0 0 -1 1 1 0 0 109 1 1 1 3.14 0 0 0 0 1 1 2 3 6  1.583  2.682  3.865
470 0 1 0 0 0 0 0 0 109 1 1 1 3.14 0 0 0 0 0 1 2 2 6  1.266  2.414  3.671
471 1 0 0 0 0 0 0 0 109 1 1 1 3.14 0 0 0 0 0 0 2 2 6  1.013  2.173  3.488
472 0 0 0 0 0 0 0 0 110 0 1 1 3.66 0 0 0 0 0 0 1 2 5  0.799  1.834  2.955
473 0 1 1 0 0 0 1 1 110 0 1 1 3.66 0 0 1 0 0 0 1 2 4  0.628  1.529  2.449
474 0 0 5 -1 1 1 1 2 110 0 1 1 3.66 0 0 3 1 1 1 1 3 5  1.502  2.376  3.326
475 1 1 0 -1 1 1 0 0 110 0 1 0 4.20 0 0 0 1 2 2 2 4 6  2.202  3.138  4.160
476 0 0 1 1 0 0 1 1 111 0 1 1 3.77 0 0 1 0 1 2 2 3 6  1.761  2.825  3.952
477 0 0 0 -1 1 1 0 0 111 0 1 1 3.77 0 0 0 1 1 2 3 4 7  2.409  3.542  4.754
478 0 0 0 -1 0 0 0 0 111 0 1 1 3.77 0 0 0 0 1 1 3 3 6  1.916  3.066  4.158
479 1 1 0 0 0 0 0 0 111 0 1 1 1.36 0 0 0 0 0 1 3 3 6  1.533  2.760  3.950
480 1 0 6 1 1 1 1 2 111 0 1 0 2.64 0 0 3 0 0 0 2 3 5  1.215  2.362  3.394
481 1 0 0 0 0 0 0 0 111 0 1 1 3.94 0 0 0 1 1 1 2 4 6  1.972  3.126  4.225
482 1 0 1 0 0 0 1 1 111 0 1 1 3.94 0 0 1 0 1 1 2 4 6  1.577  2.813  4.013
483 1 0 0 0 0 0 0 0 111 0 1 1 3.94 0 0 0 1 1 2 2 5 7  2.262  3.532  4.813
484 0 0 0 2 0 0 0 0 112 1 1 1 3.71 0 0 0 0 1 1 2 4 7  1.809  3.179  4.572
485 0 1 0 4 1 1 0 0 112 1 1 1 3.71 0 0 0 0 0 1 2 3 7  1.448  2.861  4.343
486 0 0 0 4 0 0 0 0 112 1 1 1 3.71 0 0 0 0 0 0 2 3 6  1.147  2.453  3.768
487 1 1 0 4 1 1 0 0 112 1 1 1 3.71 0 0 0 0 0 0 1 2 6  0.917  2.208  3.579
488 0 0 0 0 0 0 0 0 113 1 1 1 3.80 0 0 0 0 0 0 1 2 5  0.722  1.866  3.042
489 0 1 5 -1 1 1 1 2 113 1 1 1 3.80 0 0 3 0 0 0 0 2 5  0.578  1.679  2.890
490 0 0 5 -2 1 1 1 2 113 1 1 1 3.80 0 0 3 1 1 1 1 3 6  1.462  2.511  3.745
491 0 0 1 -5 0 0 1 1 113 1 1 0 2.45 0 0 1 1 2 2 2 3 7  2.170  3.260  4.558
492 1 1 0 -7 1 1 0 0 113 1 1 1 2.64 0 0 0 1 2 3 3 4 8  2.736  3.934  5.330
493 0 0 0 0 1 1 0 0 115 1 0 0 2.39 0 0 0 0 1 2 3 3 8  2.189  3.541  5.064
494 0 0 5 -2 0 0 1 2 115 1 0 0 2.39 0 0 3 0 0 1 3 3 7  1.739  3.065  4.452
495 1 0 0 -2 1 1 0 0 115 1 0 0 2.39 0 0 0 1 1 1 4 4 7  2.380  3.637  4.871
496 0 0 0 0 0 0 0 0 116 1 0 1 4.38 0 0 0 0 1 1 3 4 7  1.904  3.273  4.627
497 0 1 0 -1 0 0 0 0 116 1 0 1 4.38 0 0 0 0 0 1 2 4 6  1.512  2.824  4.038
498 0 0 0 -2 0 0 0 0 116 1 0 1 4.38 0 0 0 0 0 0 1 4 6  1.209  2.542  3.836
499 1 0 1 -3 0 0 1 1 116 1 0 0 3.49 0 0 1 0 0 0 1 4 6  0.967  2.288  3.644
500 0 0 5 0 0 0 1 2 117 0 0 1 3.31 0 0 3 1 1 1 2 4 7  1.774  3.059  4.462
501 0 1 0 2 0 0 0 0 117 0 0 1 3.31 0 0 0 1 2 2 2 4 7  2.408  3.631  4.880
502 0 0 0 2 0 0 0 0 117 0 0 1 3.31 0 0 0 0 1 2 2 3 7  1.926  3.268  4.636
503 1 0 1 2 0 0 1 1 117 0 0 1 3.31 0 0 1 0 0 1 2 3 6  1.529  2.820  4.046
504 1 0 0 3 0 0 0 0 117 0 0 0 5.77 0 0 0 1 1 1 3 4 7  2.223  3.538  4.844
505 0 0 0 0 0 0 0 0 118 0 0 1 3.18 0 0 0 0 1 1 3 3 7  1.779  3.184  4.601
506 0 1 0 2 1 0 0 0 118 0 0 1 3.18 0 0 0 0 0 1 2 3 7  1.423  2.866  4.371
507 0 0 4 1 0 0 1 1 118 0 0 1 3.18 0 0 2 0 0 0 1 3 7  1.138  2.579  4.153
508 0 0 0 5 0 0 0 0 118 0 0 0 5.77 0 0 0 1 1 1 2 4 8  1.911  3.321  4.945
509 1 0 0 5 1 0 0 0 118 0 0 1 2.18 0 0 0 0 1 1 2 4 8  1.529  2.989  4.698
510 0 0 5 0 0 0 1 2 119 1 0 1 3.10 0 0 3 0 0 1 1 3 7  1.211  2.569  4.104
511 0 0 0 1 0 0 0 0 119 1 0 1 3.10 0 0 0 1 1 1 2 3 7  1.958  3.190  4.541
512 0 0 1 1 0 0 1 1 119 1 0 1 3.10 0 0 1 0 1 1 2 3 6  1.555  2.750  3.955
513 1 0 0 1 0 0 0 0 119 1 0 1 3.10 0 0 0 1 1 2 3 4 7  2.244  3.475  4.757
514 1 0 0 0 0 0 0 0 119 1 0 1 2.36 0 0 0 0 1 1 2 3 7  1.795  3.127  4.520
515 0 0 5 0 0 0 1 2 120 1 0 1 4.28 0 0 3 0 0 1 2 3 6  1.424  2.693  3.935
516 0 0 1 0 1 1 1 1 120 1 0 1 4.28 0 0 1 1 1 1 3 4 7  2.140  3.424  4.738
517 0 1 5 2 1 1 1 2 120 1 0 1 4.28 0 0 3 1 2 2 3 5 8  2.712  4.081  5.501
518 1 0 1 1 0 0 1 1 120 1 0 1 5.32 0 0 1 1 2 3 4 5 9  3.169  4.673  6.226
519 1 1 0 1 1 1 0 0 120 1 0 1 2.75 0 0 0 1 2 3 4 6 10  3.535  5.206  6.915
520 1 1 0 0 0 0 0 0 120 1 0 1 2.36 0 0 0 0 1 2 4 6 9  2.817  4.564  6.211
521 1 1 1 -2 1 0 1 1 121 1 0 0 2.91 0 0 1 0 0 1 4 5 8  2.242  3.986  5.542
522 0 0 1 0 0 0 1 1 122 1 0 0 3.68 1 0 1 1 1 1 4 6 9  2.794  4.587  6.265
523 0 1 0 0 0 0 0 0 122 1 0 0 3.68 1 0 0 1 2 2 4 6 10  3.235  5.128  6.951
524 0 1 0 -4 0 0 0 0 122 1 0 0 3.68 1 0 0 0 1 2 3 6 9  2.576  4.494  6.245
525 1 0 1 -5 0 0 1 1 122 1 0 1 4.35 1 0 1 0 0 1 2 6 9  2.061  4.045  5.933
526 0 0 2 -1 1 0 1 1 123 1 0 1 2.94 1 0 2 1 1 1 3 6 10  2.649  4.640  6.636
527 0 0 4 1 0 0 1 1 123 1 0 1 2.94 1 0 2 1 2 2 4 6 11  3.119  5.176  7.305
528 0 0 0 1 1 0 0 0 123 1 0 1 2.94 1 0 0 1 2 3 4 6 11  3.484  5.537  7.581
529 1 1 0 -1 1 1 0 0 123 1 0 1 2.94 1 0 0 0 1 2 3 5 11  2.787  4.983  7.202
530 0 0 5 0 0 0 1 2 124 0 0 1 4.75 1 0 3 0 0 1 3 5 11  2.230  4.485  6.842
531 0 0 0 2 0 0 0 0 124 0 0 1 4.75 1 0 0 1 1 1 4 6 11  2.772  4.915  7.141
532 0 1 0 5 1 1 0 0 124 0 0 0 3.99 1 0 0 0 1 1 3 5 11  2.218  4.423  6.784
533 1 0 0 3 0 0 0 0 124 0 0 1 2.67 1 0 0 0 0 1 2 4 10  1.763  3.859  6.086
534 1 1 0 3 1 1 0 0 124 0 0 1 2.67 1 0 0 0 0 0 1 4 10  1.410  3.474  5.782
535 0 1 2 -1 1 0 1 1 125 1 1 0 2.91 0 0 2 0 0 0 1 4 10  1.128  3.126  5.493
536 0 0 1 -2 0 0 1 1 125 1 1 0 2.91 0 0 1 1 1 1 2 4 10  1.891  3.692  5.860
537 0 0 1 -4 0 0 1 1 125 1 1 0 2.91 0 0 1 1 2 2 2 4 10  2.501  4.201  6.208
538 1 1 0 -4 1 1 0 0 125 1 1 1 4.28 0 0 0 1 2 3 3 4 10  2.989  4.659  6.540
539 0 1 5 1 1 1 1 2 126 1 1 1 5.08 0 0 3 0 1 2 3 4 9  2.380  4.072  5.854
540 0 0 5 -4 0 0 1 2 126 1 1 1 5.08 0 0 3 1 1 2 4 5 10  2.904  4.665  6.561
541 0 0 5 -5 1 1 1 2 126 1 1 1 5.08 0 0 3 1 2 2 5 5 11  3.323  5.198  7.233
542 1 0 0 -5 0 0 0 0 126 1 1 0 2.93 0 0 0 1 2 3 5 6 11  3.647  5.557  7.513
543 0 0 0 0 1 1 0 0 127 1 1 1 2.75 0 0 0 0 1 2 4 6 10  2.906  4.880  6.779
544 0 0 0 0 0 0 0 0 127 1 1 1 2.75 0 0 0 0 0 1 3 6 10  2.325  4.392  6.440
545 0 0 1 1 0 0 1 1 127 1 1 1 2.75 0 0 1 0 0 0 3 6 10  1.860  3.952  6.118
546 1 1 0 0 0 0 0 0 127 1 1 1 2.36 0 0 0 1 1 1 3 6 10  2.476  4.436  6.454
547 1 0 0 0 1 0 0 0 127 1 1 1 2.64 0 0 0 0 1 1 2 5 9  1.970  3.871  5.772
548 1 1 0 0 1 1 0 0 127 1 1 0 2.93 0 0 0 0 0 1 1 4 8  1.564  3.362  5.125
549 0 0 0 0 0 0 0 0 128 1 0 1 3.83 0 0 0 0 0 0 1 4 8  1.251  3.026  4.869
550 0 1 5 3 1 1 1 2 128 1 0 1 3.83 0 0 3 0 0 0 1 3 8  1.001  2.723  4.626
551 0 0 4 7 0 0 1 1 128 1 0 0 3.75 0 0 2 1 1 1 2 3 8  1.789  3.329  5.036
552 1 0 5 9 0 0 1 2 128 1 0 0 3.75 0 0 3 1 2 2 2 3 9  2.431  3.996  5.784
553 0 0 0 1 1 1 0 0 129 0 0 1 3.35 0 0 0 1 2 3 3 4 10  2.945  4.597  6.495
554 0 0 0 -3 0 0 0 0 129 0 0 1 3.35 0 0 0 0 1 2 3 4 10  2.356  4.137  6.170
555 0 0 4 -3 0 0 1 1 129 0 0 1 3.35 0 0 2 0 0 1 3 4 10  1.885  3.723  5.862
556 1 0 0 -2 0 0 0 0 129 0 0 0 3.12 0 0 0 1 1 1 4 4 10  2.496  4.229  6.210
557 0 0 5 0 0 0 1 2 130 0 0 0 3.39 0 0 3 0 1 1 3 4 9  1.986  3.685  5.541
558 0 1 5 -1 1 1 1 2 130 0 0 0 3.39 0 0 3 1 1 2 3 5 9  2.577  4.195  5.906
559 1 0 0 -1 0 0 0 0 130 0 0 0 3.39 0 0 0 1 2 2 3 6 10  3.062  4.775  6.610
560 1 0 0 -1 1 0 0 0 130 0 0 0 3.12 0 0 0 0 1 2 3 6 9  2.438  4.176  5.921
561 0 0 0 0 1 1 0 0 131 1 1 1 4.75 0 0 0 0 0 1 3 5 8  1.939  3.637  5.267
562 0 0 0 -2 0 0 0 0 131 1 1 1 4.75 0 0 0 0 0 0 2 4 7  1.539  3.152  4.645
563 0 0 0 3 1 0 0 0 131 1 1 1 4.75 0 0 0 0 0 0 2 3 7  1.232  2.837  4.413
564 1 0 0 3 0 0 0 0 131 1 1 0 1.50 0 0 0 0 0 0 1 3 7  0.985  2.553  4.192
565 0 0 5 0 0 0 1 2 133 1 1 1 2.94 0 0 3 0 0 0 0 3 7  0.788  2.298  3.982
566 0 0 0 -1 0 0 0 0 133 1 1 1 2.94 0 0 0 1 1 1 1 3 7  1.619  2.946  4.425
567 0 1 0 0 0 0 0 0 133 1 1 1 2.94 0 0 0 0 1 1 1 3 7  1.295  2.652  4.204
568 1 1 5 -2 1 0 1 2 133 1 1 0 1.50 0 0 3 0 0 1 1 2 7  1.036  2.386  3.993
569 0 0 0 2 0 0 0 0 134 1 1 1 3.35 0 0 0 1 1 1 2 2 8  1.829  3.148  4.794
570 0 0 0 5 0 0 0 0 134 1 1 1 3.35 0 0 0 0 1 1 2 2 8  1.463  2.833  4.554
571 0 1 0 5 1 1 0 0 134 1 1 1 3.35 0 0 0 0 0 1 2 2 7  1.159  2.428  3.968
572 1 0 0 6 1 0 0 0 134 1 1 0 2.93 0 0 0 0 0 0 1 2 6  0.916  2.064  3.411
573 0 0 0 2 1 0 0 0 135 1 1 0 3.39 0 0 0 0 0 0 1 2 5  0.721  1.736  2.882
574 0 0 0 1 1 1 0 0 135 1 1 0 3.39 0 0 0 0 0 0 1 2 5  0.577  1.562  2.738
575 1 0 0 4 0 0 0 0 135 1 1 0 3.39 0 0 0 0 0 0 0 2 5  0.461  1.406  2.601
576 0 0 0 0 0 0 0 0 136 0 1 1 5.20 0 0 0 0 0 0 0 1 4  0.358  1.144  2.112
577 0 0 5 -1 0 0 1 2 136 0 1 1 5.20 0 0 3 0 0 0 0 1 4  0.286  1.029  2.007
578 0 0 1 -1 0 0 1 1 136 0 1 1 5.20 0 0 1 1 1 1 1 2 4  1.217  1.805  2.548
579 1 1 0 -1 1 0 0 0 136 0 1 0 2.93 0 0 0 1 2 2 2 2 4  1.962  2.503  3.062
580 0 0 0 0 1 1 0 0 137 1 0 0 1.74 0 0 0 0 1 2 2 2 4  1.570  2.253  2.909
581 1 0 0 2 0 0 0 0 137 1 0 1 3.59 0 0 0 0 0 1 2 2 4  1.256  2.027  2.764
582 1 0 3 -1 0 0 1 1 138 1 0 1 2.98 0 0 2 0 0 0 2 2 4  1.005  1.825  2.625
583 0 0 0 0 1 0 0 0 139 1 0 0 2.39 0 0 0 1 1 1 3 3 5  1.804  2.642  3.494
584 0 0 0 -6 1 0 0 0 139 1 0 0 2.39 0 0 0 0 1 1 2 3 5  1.443  2.378  3.319
585 0 0 0 -8 1 0 0 0 139 1 0 0 2.39 0 0 0 0 0 1 1 3 5  1.154  2.140  3.153
586 1 1 0 -8 0 0 0 0 139 1 0 0 3.31 0 0 0 0 0 0 1 3 4  0.912  1.805  2.637
587 0 0 0 -2 0 0 0 0 140 1 0 1 2.84 0 0 0 0 0 0 1 3 4  0.730  1.624  2.505
588 0 0 1 0 0 0 1 1 140 1 0 1 2.84 0 0 1 0 0 0 1 2 4  0.584  1.462  2.380
589 0 1 5 0 1 1 1 2 140 1 0 1 2.84 0 0 3 1 1 1 1 2 4  1.455  2.194  2.903
590 1 0 2 0 0 0 1 1 140 1 0 0 3.31 0 0 2 1 2 2 2 3 5  2.164  2.975  3.757
591 1 0 0 3 1 1 0 0 140 1 0 0 3.31 0 0 0 1 2 3 3 4 6  2.731  3.677  4.570
592 0 1 1 1 1 0 1 1 141 1 0 0 3.47 1 0 1 0 1 2 3 4 6  2.185  3.309  4.341
593 0 0 0 -2 0 0 0 0 141 1 0 0 3.47 1 0 0 1 1 2 4 4 7  2.748  3.978  5.124
594 0 0 5 -5 0 0 1 2 141 1 0 0 3.47 1 0 3 0 1 1 4 4 7  2.199  3.581  4.868
595 1 1 0 -5 1 0 0 0 141 1 0 0 3.47 1 0 0 1 1 2 4 5 8  2.759  4.223  5.624
596 0 0 1 0 1 0 1 1 142 0 0 1 3.52 1 0 1 0 1 1 3 5 8  2.207  3.800  5.343
597 0 1 1 3 0 0 1 1 142 0 0 1 3.52 1 0 1 1 1 2 3 6 9  2.766  4.420  6.076
598 0 1 2 2 0 0 1 1 142 0 0 0 3.08 1 0 2 1 2 2 4 7 9  3.201  4.857  6.414
599 1 1 0 2 0 0 0 0 142 0 0 1 3.94 1 0 0 1 2 3 4 7 9  3.549  5.249  6.735
600 1 1 0 0 1 1 0 0 142 0 0 0 2.35 1 0 0 0 1 2 4 6 9  2.839  4.724  6.398
601 1 0 0 1 0 0 0 0 142 0 0 1 3.18 1 0 0 0 0 1 3 5 9  2.272  4.252  6.078
602 1 0 0 3 1 0 0 0 143 0 0 1 3.27 1 0 0 0 0 0 3 5 9  1.817  3.827  5.774
603 0 0 0 0 0 0 0 0 144 1 0 0 4.85 0 0 0 0 0 0 2 4 8  1.442  3.323  5.127
604 0 1 0 0 1 1 0 0 144 1 0 0 4.85 0 0 0 0 0 0 1 4 8  1.154  2.990  4.871
605 1 0 2 -1 1 1 1 1 144 1 0 0 4.85 0 0 2 0 0 0 0 3 8  0.923  2.691  4.627
606 1 1 1 2 1 0 1 1 144 1 0 0 2.45 0 0 1 1 1 1 1 4 9  1.738  3.422  5.396
607 0 0 0 0 0 0 0 0 145 1 0 0 2.91 0 0 0 1 2 2 2 4 10  2.391  4.080  6.126
608 0 0 1 2 0 0 1 1 145 1 0 0 2.91 0 0 1 0 1 2 2 3 10  1.913  3.672  5.820
609 0 1 1 4 1 1 1 1 145 1 0 0 2.91 0 0 1 1 1 2 3 3 10  2.519  4.183  6.170
610 1 0 0 5 0 0 0 0 145 1 0 1 3.57 0 0 0 1 2 2 4 4 10  3.003  4.643  6.503
611 1 1 0 5 0 0 0 0 145 1 0 1 3.30 0 0 0 0 1 2 4 4 9  2.391  4.057  5.820
612 0 0 0 0 0 0 0 0 146 1 0 1 3.05 0 0 0 0 0 1 3 4 9  1.913  3.652  5.529
613 0 0 0 0 0 0 0 0 146 1 0 1 3.05 0 0 0 0 0 0 2 4 8  1.519  3.165  4.894
614 0 0 1 -1 0 0 1 1 147 0 0 1 3.30 0 0 1 0 0 0 2 4 8  1.215  2.848  4.649
615 0 0 0 -1 1 1 0 0 147 0 0 1 3.30 0 0 0 1 1 1 2 5 8  1.960  3.442  5.058
616 0 0 0 0 0 0 0 0 147 0 0 0 2.45 0 0 0 0 1 1 1 4 8  1.568  3.098  4.805
617 1 1 0 2 1 1 0 0 147 0 0 0 2.87 0 0 0 0 0 1 1 3 7  1.243  2.666  4.206
618 0 0 6 0 1 1 1 2 148 1 1 1 3.66 0 0 3 0 0 0 1 3 6  0.983  2.278  3.638
619 0 0 2 -1 0 0 1 1 148 1 1 1 3.66 0 0 2 1 1 1 2 3 6  1.775  2.929  4.097
620 0 0 0 5 0 0 0 0 148 1 1 1 3.66 0 0 0 1 2 2 3 3 7  2.420  3.636  4.892
621 1 0 0 5 1 1 0 0 148 1 1 1 3.66 0 0 0 0 1 2 2 3 7  1.936  3.272  4.648
622 0 0 1 0 0 0 1 1 149 0 1 1 2.95 0 0 1 0 0 1 2 3 7  1.549  2.945  4.415
623 0 0 0 1 0 0 0 0 149 0 1 1 2.95 0 0 0 1 1 1 3 4 8  2.239  3.651  5.195
624 0 0 1 -1 0 0 1 1 149 0 1 1 2.95 0 0 1 0 1 1 3 4 8  1.791  3.286  4.935
625 0 1 0 -1 1 1 0 0 149 0 1 0 3.99 0 0 0 1 1 2 3 4 9  2.433  3.957  5.688
626 1 0 0 -4 1 0 0 0 149 0 1 1 3.77 0 0 0 0 1 1 2 4 8  1.935  3.440  5.045
627 0 0 0 0 0 0 0 0 150 0 1 1 3.14 0 0 0 0 0 1 2 4 7  1.536  2.974  4.434
628 0 0 0 0 0 0 0 0 150 0 1 1 3.14 0 0 0 0 0 0 2 4 7  1.229  2.677  4.213
629 0 0 0 -2 0 0 0 0 150 0 1 1 3.14 0 0 0 0 0 0 1 3 6  0.972  2.287  3.644
630 1 1 0 -2 0 0 0 0 150 0 1 1 1.36 0 0 0 0 0 0 1 2 5  0.766  1.937  3.103
631 0 0 0 0 0 0 0 0 151 1 1 1 5.89 0 0 0 0 0 0 0 2 5  0.613  1.743  2.948
632 0 0 0 1 0 0 0 0 151 1 1 1 5.89 0 0 0 0 0 0 0 2 5  0.490  1.569  2.800
633 0 0 5 0 0 0 1 2 151 1 1 1 5.89 0 0 3 0 0 0 0 1 5  0.392  1.412  2.660
634 1 0 0 -3 0 0 0 0 151 1 1 0 1.74 0 0 0 1 1 1 1 2 6  1.314  2.271  3.527
635 1 0 0 -2 0 0 0 0 152 1 1 1 2.98 0 0 0 0 1 1 1 1 5  1.039  1.922  2.993
636 0 0 2 0 0 0 1 1 153 1 1 1 4.38 0 0 2 0 0 1 1 1 5  0.832  1.730  2.843
637 0 0 0 -5 0 0 0 0 153 1 1 1 4.38 0 0 0 1 1 1 2 2 6  1.665  2.557  3.701
638 0 0 3 -5 1 1 1 1 153 1 1 0 3.31 0 0 2 0 1 1 2 2 6  1.332  2.301  3.516
639 0 0 0 -8 0 0 0 0 153 1 1 1 4.68 0 0 0 1 1 2 3 3 6  2.054  2.950  3.981
640 1 0 0 -8 0 0 0 0 153 1 1 1 2.18 0 0 0 0 1 1 2 3 5  1.632  2.533  3.424
641 0 0 0 4 0 0 0 0 154 1 1 1 3.18 0 0 0 0 0 1 2 3 5  1.305  2.280  3.253
642 0 1 0 4 0 0 0 0 154 1 1 1 3.18 0 0 0 0 0 0 2 3 5  1.044  2.052  3.090
643 0 0 2 5 0 0 1 1 154 1 1 1 3.18 0 0 2 0 0 0 1 3 4  0.824  1.725  2.577
644 1 0 0 1 0 0 0 0 154 1 1 0 3.49 0 0 0 1 1 1 2 3 5  1.659  2.553  3.448
645 0 0 5 0 0 0 1 2 155 1 0 1 3.14 1 0 3 0 1 1 1 3 4  1.316  2.176  2.917
646 0 1 5 0 1 1 1 2 155 1 0 1 3.14 1 0 3 1 1 2 2 4 5  2.053  2.958  3.771
647 0 0 0 -1 0 0 0 0 155 1 0 1 3.14 1 0 0 1 2 2 3 4 6  2.642  3.662  4.583
648 1 1 2 -3 0 0 1 1 155 1 0 1 3.14 1 0 2 0 1 2 3 4 6  2.114  3.296  4.354
649 1 1 0 -2 1 1 0 0 155 1 0 0 2.64 1 0 0 1 1 2 4 4 7  2.691  3.966  5.136
650 0 0 0 0 0 0 0 0 156 0 0 0 4.39 1 0 0 0 1 1 3 4 7  2.153  3.570  4.879
651 0 0 0 2 0 0 0 0 156 0 0 0 4.39 1 0 0 0 0 1 3 4 7  1.722  3.213  4.635
652 0 1 0 0 0 0 0 0 156 0 0 0 4.39 1 0 0 0 0 0 2 4 7  1.378  2.892  4.404
653 1 0 5 0 0 0 1 2 156 0 0 1 1.36 1 0 3 0 0 0 1 4 7  1.102  2.602  4.183
654 0 0 0 0 0 0 0 0 157 0 0 0 4.20 1 0 0 1 1 1 2 4 7  1.870  3.221  4.616
655 0 1 0 -2 0 0 0 0 157 0 0 0 4.20 1 0 0 0 1 1 1 4 7  1.496  2.899  4.385
656 0 1 0 -2 1 1 0 0 157 0 0 0 4.20 1 0 0 0 0 1 1 3 7  1.197  2.609  4.166
657 1 0 0 -3 1 0 0 0 157 0 0 1 5.17 1 0 0 0 0 0 1 2 6  0.946  2.226  3.599
658 0 0 0 0 0 0 0 0 158 1 1 1 3.05 0 0 0 0 0 0 1 2 6  0.757  2.004  3.419
659 0 0 0 -2 0 0 0 0 158 1 1 1 3.05 0 0 0 0 0 0 1 1 5  0.594  1.682  2.890
660 0 0 4 -1 1 0 1 1 158 1 1 1 3.05 0 0 2 0 0 0 0 1 5  0.475  1.514  2.745
661 1 1 0 -2 0 0 0 0 158 1 1 0 2.45 0 0 0 1 1 1 1 2 6  1.380  2.362  3.608
662 0 0 1 1 0 0 1 1 159 1 1 1 3.80 0 0 1 0 1 1 1 2 6  1.104  2.126  3.427
663 0 0 0 0 0 0 0 0 159 1 1 1 3.80 0 0 0 1 1 2 2 3 7  1.883  2.913  4.256
664 0 0 0 -1 1 1 0 0 159 1 1 1 3.80 0 0 0 0 1 1 2 2 6  1.495  2.500  3.685
665 1 0 0 -2 1 1 0 0 159 1 1 0 4.85 0 0 0 0 0 1 2 2 6  1.196  2.250  3.501
666 0 1 0 0 1 1 0 0 162 1 1 1 3.52 0 0 0 0 0 0 2 2 5  0.945  1.904  2.967
667 0 1 0 1 0 0 0 0 162 1 1 1 3.52 0 0 0 0 0 0 1 2 4  0.745  1.592  2.460
668 1 0 0 5 0 0 0 0 162 1 1 1 3.52 0 0 0 0 0 0 1 2 4  0.596  1.433  2.337
669 1 0 0 7 1 0 0 0 162 1 1 1 3.52 0 0 0 0 0 0 0 2 3  0.465  1.168  1.862
670 0 0 0 0 0 0 0 0 163 1 1 0 1.50 0 0 0 0 0 0 0 2 3  0.372  1.051  1.769
671 0 0 0 2 0 0 0 0 163 1 1 0 1.50 0 0 0 0 0 0 0 1 3  0.298  0.946  1.680
672 0 0 0 1 0 0 0 0 163 1 1 0 1.50 0 0 0 0 0 0 0 1 3  0.238  0.851  1.596
673 1 1 0 1 1 0 0 0 163 1 1 0 3.08 0 0 0 0 0 0 0 0 3  0.191  0.766  1.516
674 1 1 2 1 1 1 1 1 163 1 1 0 2.35 0 0 2 0 0 0 0 0 2  0.141  0.568  1.082
675 0 0 0 0 0 0 0 0 164 0 1 0 2.83 0 0 0 1 1 1 1 1 3  1.113  1.511  2.028
676 0 0 0 0 1 0 0 0 164 0 1 0 2.83 0 0 0 0 1 1 1 1 3  0.890  1.360  1.927
677 0 1 0 4 1 0 0 0 164 0 1 0 2.83 0 0 0 0 0 1 1 1 3  0.712  1.224  1.830
678 1 0 5 7 0 0 1 2 164 0 1 0 2.83 0 0 3 0 0 0 1 1 3  0.570  1.102  1.739
679 1 1 1 5 1 1 1 1 164 0 1 1 3.27 0 0 1 1 1 1 2 2 4  1.456  1.991  2.652
